0 3 0 227 985 989 988
1 3 0 985 401 986 989
2 3 0 989 986 405 987
3 3 0 988 989 987 404
4 3 0 401 990 993 986
5 3 0 990 262 991 993
6 3 0 993 991 402 992
7 3 0 986 993 992 405
8 3 0 405 992 997 996
9 3 0 992 402 994 997
10 3 0 997 994 266 995
11 3 0 996 997 995 403
12 3 0 404 987 1000 999
13 3 0 987 405 996 1000
14 3 0 1000 996 403 998
15 3 0 999 1000 998 265
16 3 0 262 1001 1004 991
17 3 0 1001 406 1002 1004
18 3 0 1004 1002 409 1003
19 3 0 991 1004 1003 402
20 3 0 406 1005 1008 1002
21 3 0 1005 246 1006 1008
22 3 0 1008 1006 407 1007
23 3 0 1002 1008 1007 409
24 3 0 409 1007 1012 1011
25 3 0 1007 407 1009 1012
26 3 0 1012 1009 263 1010
27 3 0 1011 1012 1010 408
28 3 0 402 1003 1014 994
29 3 0 1003 409 1011 1014
30 3 0 1014 1011 408 1013
31 3 0 994 1014 1013 266
32 3 0 266 1013 1018 1017
33 3 0 1013 408 1015 1018
34 3 0 1018 1015 413 1016
35 3 0 1017 1018 1016 412
36 3 0 408 1010 1021 1015
37 3 0 1010 263 1019 1021
38 3 0 1021 1019 410 1020
39 3 0 1015 1021 1020 413
40 3 0 413 1020 1025 1024
41 3 0 1020 410 1022 1025
42 3 0 1025 1022 232 1023
43 3 0 1024 1025 1023 411
44 3 0 412 1016 1028 1027
45 3 0 1016 413 1024 1028
46 3 0 1028 1024 411 1026
47 3 0 1027 1028 1026 264
48 3 0 265 998 1032 1031
49 3 0 998 403 1029 1032
50 3 0 1032 1029 416 1030
51 3 0 1031 1032 1030 415
52 3 0 403 995 1034 1029
53 3 0 995 266 1017 1034
54 3 0 1034 1017 412 1033
55 3 0 1029 1034 1033 416
56 3 0 416 1033 1037 1036
57 3 0 1033 412 1027 1037
58 3 0 1037 1027 264 1035
59 3 0 1036 1037 1035 414
60 3 0 415 1030 1040 1039
61 3 0 1030 416 1036 1040
62 3 0 1040 1036 414 1038
63 3 0 1039 1040 1038 248
64 3 0 233 1041 1045 1044
65 3 0 1041 417 1042 1045
66 3 0 1045 1042 421 1043
67 3 0 1044 1045 1043 420
68 3 0 417 1046 1049 1042
69 3 0 1046 267 1047 1049
70 3 0 1049 1047 418 1048
71 3 0 1042 1049 1048 421
72 3 0 421 1048 1053 1052
73 3 0 1048 418 1050 1053
74 3 0 1053 1050 271 1051
75 3 0 1052 1053 1051 419
76 3 0 420 1043 1056 1055
77 3 0 1043 421 1052 1056
78 3 0 1056 1052 419 1054
79 3 0 1055 1056 1054 270
80 3 0 267 1057 1060 1047
81 3 0 1057 422 1058 1060
82 3 0 1060 1058 425 1059
83 3 0 1047 1060 1059 418
84 3 0 422 1061 1064 1058
85 3 0 1061 247 1062 1064
86 3 0 1064 1062 423 1063
87 3 0 1058 1064 1063 425
88 3 0 425 1063 1068 1067
89 3 0 1063 423 1065 1068
90 3 0 1068 1065 268 1066
91 3 0 1067 1068 1066 424
92 3 0 418 1059 1070 1050
93 3 0 1059 425 1067 1070
94 3 0 1070 1067 424 1069
95 3 0 1050 1070 1069 271
96 3 0 271 1069 1074 1073
97 3 0 1069 424 1071 1074
98 3 0 1074 1071 429 1072
99 3 0 1073 1074 1072 428
100 3 0 424 1066 1077 1071
101 3 0 1066 268 1075 1077
102 3 0 1077 1075 426 1076
103 3 0 1071 1077 1076 429
104 3 0 429 1076 1081 1080
105 3 0 1076 426 1078 1081
106 3 0 1081 1078 224 1079
107 3 0 1080 1081 1079 427
108 3 0 428 1072 1084 1083
109 3 0 1072 429 1080 1084
110 3 0 1084 1080 427 1082
111 3 0 1083 1084 1082 269
112 3 0 270 1054 1088 1087
113 3 0 1054 419 1085 1088
114 3 0 1088 1085 432 1086
115 3 0 1087 1088 1086 431
116 3 0 419 1051 1090 1085
117 3 0 1051 271 1073 1090
118 3 0 1090 1073 428 1089
119 3 0 1085 1090 1089 432
120 3 0 432 1089 1093 1092
121 3 0 1089 428 1083 1093
122 3 0 1093 1083 269 1091
123 3 0 1092 1093 1091 430
124 3 0 431 1086 1096 1095
125 3 0 1086 432 1092 1096
126 3 0 1096 1092 430 1094
127 3 0 1095 1096 1094 239
128 3 0 224 1078 1100 1099
129 3 0 1078 426 1097 1100
130 3 0 1100 1097 436 1098
131 3 0 1099 1100 1098 435
132 3 0 426 1075 1103 1097
133 3 0 1075 268 1101 1103
134 3 0 1103 1101 433 1102
135 3 0 1097 1103 1102 436
136 3 0 436 1102 1107 1106
137 3 0 1102 433 1104 1107
138 3 0 1107 1104 275 1105
139 3 0 1106 1107 1105 434
140 3 0 435 1098 1110 1109
141 3 0 1098 436 1106 1110
142 3 0 1110 1106 434 1108
143 3 0 1109 1110 1108 274
144 3 0 268 1065 1113 1101
145 3 0 1065 423 1111 1113
146 3 0 1113 1111 439 1112
147 3 0 1101 1113 1112 433
148 3 0 423 1062 1116 1111
149 3 0 1062 247 1114 1116
150 3 0 1116 1114 437 1115
151 3 0 1111 1116 1115 439
152 3 0 439 1115 1120 1119
153 3 0 1115 437 1117 1120
154 3 0 1120 1117 272 1118
155 3 0 1119 1120 1118 438
156 3 0 433 1112 1122 1104
157 3 0 1112 439 1119 1122
158 3 0 1122 1119 438 1121
159 3 0 1104 1122 1121 275
160 3 0 275 1121 1126 1125
161 3 0 1121 438 1123 1126
162 3 0 1126 1123 443 1124
163 3 0 1125 1126 1124 442
164 3 0 438 1118 1129 1123
165 3 0 1118 272 1127 1129
166 3 0 1129 1127 440 1128
167 3 0 1123 1129 1128 443
168 3 0 443 1128 1133 1132
169 3 0 1128 440 1130 1133
170 3 0 1133 1130 234 1131
171 3 0 1132 1133 1131 441
172 3 0 442 1124 1136 1135
173 3 0 1124 443 1132 1136
174 3 0 1136 1132 441 1134
175 3 0 1135 1136 1134 273
176 3 0 274 1108 1140 1139
177 3 0 1108 434 1137 1140
178 3 0 1140 1137 446 1138
179 3 0 1139 1140 1138 445
180 3 0 434 1105 1142 1137
181 3 0 1105 275 1125 1142
182 3 0 1142 1125 442 1141
183 3 0 1137 1142 1141 446
184 3 0 446 1141 1145 1144
185 3 0 1141 442 1135 1145
186 3 0 1145 1135 273 1143
187 3 0 1144 1145 1143 444
188 3 0 445 1138 1148 1147
189 3 0 1138 446 1144 1148
190 3 0 1148 1144 444 1146
191 3 0 1147 1148 1146 240
192 3 0 243 1149 1153 1152
193 3 0 1149 447 1150 1153
194 3 0 1153 1150 451 1151
195 3 0 1152 1153 1151 450
196 3 0 447 1154 1157 1150
197 3 0 1154 276 1155 1157
198 3 0 1157 1155 448 1156
199 3 0 1150 1157 1156 451
200 3 0 451 1156 1161 1160
201 3 0 1156 448 1158 1161
202 3 0 1161 1158 279 1159
203 3 0 1160 1161 1159 449
204 3 0 450 1151 1164 1163
205 3 0 1151 451 1160 1164
206 3 0 1164 1160 449 1162
207 3 0 1163 1164 1162 278
208 3 0 276 1165 1168 1155
209 3 0 1165 452 1166 1168
210 3 0 1168 1166 454 1167
211 3 0 1155 1168 1167 448
212 3 0 452 1169 1171 1166
213 3 0 1169 234 1130 1171
214 3 0 1171 1130 440 1170
215 3 0 1166 1171 1170 454
216 3 0 454 1170 1174 1173
217 3 0 1170 440 1127 1174
218 3 0 1174 1127 272 1172
219 3 0 1173 1174 1172 453
220 3 0 448 1167 1176 1158
221 3 0 1167 454 1173 1176
222 3 0 1176 1173 453 1175
223 3 0 1158 1176 1175 279
224 3 0 279 1175 1180 1179
225 3 0 1175 453 1177 1180
226 3 0 1180 1177 457 1178
227 3 0 1179 1180 1178 456
228 3 0 453 1172 1182 1177
229 3 0 1172 272 1117 1182
230 3 0 1182 1117 437 1181
231 3 0 1177 1182 1181 457
232 3 0 457 1181 1185 1184
233 3 0 1181 437 1114 1185
234 3 0 1185 1114 247 1183
235 3 0 1184 1185 1183 455
236 3 0 456 1178 1188 1187
237 3 0 1178 457 1184 1188
238 3 0 1188 1184 455 1186
239 3 0 1187 1188 1186 277
240 3 0 278 1162 1192 1191
241 3 0 1162 449 1189 1192
242 3 0 1192 1189 460 1190
243 3 0 1191 1192 1190 459
244 3 0 449 1159 1194 1189
245 3 0 1159 279 1179 1194
246 3 0 1194 1179 456 1193
247 3 0 1189 1194 1193 460
248 3 0 460 1193 1197 1196
249 3 0 1193 456 1187 1197
250 3 0 1197 1187 277 1195
251 3 0 1196 1197 1195 458
252 3 0 459 1190 1200 1199
253 3 0 1190 460 1196 1200
254 3 0 1200 1196 458 1198
255 3 0 1199 1200 1198 226
256 3 0 247 1061 1203 1183
257 3 0 1061 422 1201 1203
258 3 0 1203 1201 463 1202
259 3 0 1183 1203 1202 455
260 3 0 422 1057 1206 1201
261 3 0 1057 267 1204 1206
262 3 0 1206 1204 461 1205
263 3 0 1201 1206 1205 463
264 3 0 463 1205 1210 1209
265 3 0 1205 461 1207 1210
266 3 0 1210 1207 282 1208
267 3 0 1209 1210 1208 462
268 3 0 455 1202 1212 1186
269 3 0 1202 463 1209 1212
270 3 0 1212 1209 462 1211
271 3 0 1186 1212 1211 277
272 3 0 267 1046 1215 1204
273 3 0 1046 417 1213 1215
274 3 0 1215 1213 466 1214
275 3 0 1204 1215 1214 461
276 3 0 417 1041 1218 1213
277 3 0 1041 233 1216 1218
278 3 0 1218 1216 464 1217
279 3 0 1213 1218 1217 466
280 3 0 466 1217 1222 1221
281 3 0 1217 464 1219 1222
282 3 0 1222 1219 280 1220
283 3 0 1221 1222 1220 465
284 3 0 461 1214 1224 1207
285 3 0 1214 466 1221 1224
286 3 0 1224 1221 465 1223
287 3 0 1207 1224 1223 282
288 3 0 282 1223 1228 1227
289 3 0 1223 465 1225 1228
290 3 0 1228 1225 470 1226
291 3 0 1227 1228 1226 469
292 3 0 465 1220 1231 1225
293 3 0 1220 280 1229 1231
294 3 0 1231 1229 467 1230
295 3 0 1225 1231 1230 470
296 3 0 470 1230 1235 1234
297 3 0 1230 467 1232 1235
298 3 0 1235 1232 241 1233
299 3 0 1234 1235 1233 468
300 3 0 469 1226 1238 1237
301 3 0 1226 470 1234 1238
302 3 0 1238 1234 468 1236
303 3 0 1237 1238 1236 281
304 3 0 277 1211 1241 1195
305 3 0 1211 462 1239 1241
306 3 0 1241 1239 472 1240
307 3 0 1195 1241 1240 458
308 3 0 462 1208 1243 1239
309 3 0 1208 282 1227 1243
310 3 0 1243 1227 469 1242
311 3 0 1239 1243 1242 472
312 3 0 472 1242 1246 1245
313 3 0 1242 469 1237 1246
314 3 0 1246 1237 281 1244
315 3 0 1245 1246 1244 471
316 3 0 458 1240 1248 1198
317 3 0 1240 472 1245 1248
318 3 0 1248 1245 471 1247
319 3 0 1198 1248 1247 226
320 3 0 232 1249 1252 1023
321 3 0 1249 473 1250 1252
322 3 0 1252 1250 476 1251
323 3 0 1023 1252 1251 411
324 3 0 473 1253 1256 1250
325 3 0 1253 283 1254 1256
326 3 0 1256 1254 474 1255
327 3 0 1250 1256 1255 476
328 3 0 476 1255 1260 1259
329 3 0 1255 474 1257 1260
330 3 0 1260 1257 286 1258
331 3 0 1259 1260 1258 475
332 3 0 411 1251 1262 1026
333 3 0 1251 476 1259 1262
334 3 0 1262 1259 475 1261
335 3 0 1026 1262 1261 264
336 3 0 283 1263 1266 1254
337 3 0 1263 477 1264 1266
338 3 0 1266 1264 480 1265
339 3 0 1254 1266 1265 474
340 3 0 477 1267 1270 1264
341 3 0 1267 238 1268 1270
342 3 0 1270 1268 478 1269
343 3 0 1264 1270 1269 480
344 3 0 480 1269 1274 1273
345 3 0 1269 478 1271 1274
346 3 0 1274 1271 284 1272
347 3 0 1273 1274 1272 479
348 3 0 474 1265 1276 1257
349 3 0 1265 480 1273 1276
350 3 0 1276 1273 479 1275
351 3 0 1257 1276 1275 286
352 3 0 286 1275 1280 1279
353 3 0 1275 479 1277 1280
354 3 0 1280 1277 484 1278
355 3 0 1279 1280 1278 483
356 3 0 479 1272 1283 1277
357 3 0 1272 284 1281 1283
358 3 0 1283 1281 481 1282
359 3 0 1277 1283 1282 484
360 3 0 484 1282 1287 1286
361 3 0 1282 481 1284 1287
362 3 0 1287 1284 225 1285
363 3 0 1286 1287 1285 482
364 3 0 483 1278 1290 1289
365 3 0 1278 484 1286 1290
366 3 0 1290 1286 482 1288
367 3 0 1289 1290 1288 285
368 3 0 264 1261 1293 1035
369 3 0 1261 475 1291 1293
370 3 0 1293 1291 486 1292
371 3 0 1035 1293 1292 414
372 3 0 475 1258 1295 1291
373 3 0 1258 286 1279 1295
374 3 0 1295 1279 483 1294
375 3 0 1291 1295 1294 486
376 3 0 486 1294 1298 1297
377 3 0 1294 483 1289 1298
378 3 0 1298 1289 285 1296
379 3 0 1297 1298 1296 485
380 3 0 414 1292 1300 1038
381 3 0 1292 486 1297 1300
382 3 0 1300 1297 485 1299
383 3 0 1038 1300 1299 248
384 3 0 228 1301 1305 1304
385 3 0 1301 487 1302 1305
386 3 0 1305 1302 491 1303
387 3 0 1304 1305 1303 490
388 3 0 487 1306 1309 1302
389 3 0 1306 287 1307 1309
390 3 0 1309 1307 488 1308
391 3 0 1302 1309 1308 491
392 3 0 491 1308 1313 1312
393 3 0 1308 488 1310 1313
394 3 0 1313 1310 290 1311
395 3 0 1312 1313 1311 489
396 3 0 490 1303 1316 1315
397 3 0 1303 491 1312 1316
398 3 0 1316 1312 489 1314
399 3 0 1315 1316 1314 289
400 3 0 287 1317 1320 1307
401 3 0 1317 492 1318 1320
402 3 0 1320 1318 495 1319
403 3 0 1307 1320 1319 488
404 3 0 492 1321 1324 1318
405 3 0 1321 255 1322 1324
406 3 0 1324 1322 493 1323
407 3 0 1318 1324 1323 495
408 3 0 495 1323 1328 1327
409 3 0 1323 493 1325 1328
410 3 0 1328 1325 288 1326
411 3 0 1327 1328 1326 494
412 3 0 488 1319 1330 1310
413 3 0 1319 495 1327 1330
414 3 0 1330 1327 494 1329
415 3 0 1310 1330 1329 290
416 3 0 290 1329 1334 1333
417 3 0 1329 494 1331 1334
418 3 0 1334 1331 498 1332
419 3 0 1333 1334 1332 497
420 3 0 494 1326 1337 1331
421 3 0 1326 288 1335 1337
422 3 0 1337 1335 496 1336
423 3 0 1331 1337 1336 498
424 3 0 498 1336 1340 1339
425 3 0 1336 496 1338 1340
426 3 0 1340 1338 225 1284
427 3 0 1339 1340 1284 481
428 3 0 497 1332 1342 1341
429 3 0 1332 498 1339 1342
430 3 0 1342 1339 481 1281
431 3 0 1341 1342 1281 284
432 3 0 289 1314 1346 1345
433 3 0 1314 489 1343 1346
434 3 0 1346 1343 500 1344
435 3 0 1345 1346 1344 499
436 3 0 489 1311 1348 1343
437 3 0 1311 290 1333 1348
438 3 0 1348 1333 497 1347
439 3 0 1343 1348 1347 500
440 3 0 500 1347 1350 1349
441 3 0 1347 497 1341 1350
442 3 0 1350 1341 284 1271
443 3 0 1349 1350 1271 478
444 3 0 499 1344 1352 1351
445 3 0 1344 500 1349 1352
446 3 0 1352 1349 478 1268
447 3 0 1351 1352 1268 238
448 3 0 229 1353 1357 1356
449 3 0 1353 501 1354 1357
450 3 0 1357 1354 505 1355
451 3 0 1356 1357 1355 504
452 3 0 501 1358 1361 1354
453 3 0 1358 291 1359 1361
454 3 0 1361 1359 502 1360
455 3 0 1354 1361 1360 505
456 3 0 505 1360 1365 1364
457 3 0 1360 502 1362 1365
458 3 0 1365 1362 294 1363
459 3 0 1364 1365 1363 503
460 3 0 504 1355 1368 1367
461 3 0 1355 505 1364 1368
462 3 0 1368 1364 503 1366
463 3 0 1367 1368 1366 293
464 3 0 291 1369 1372 1359
465 3 0 1369 506 1370 1372
466 3 0 1372 1370 509 1371
467 3 0 1359 1372 1371 502
468 3 0 506 1373 1376 1370
469 3 0 1373 254 1374 1376
470 3 0 1376 1374 507 1375
471 3 0 1370 1376 1375 509
472 3 0 509 1375 1380 1379
473 3 0 1375 507 1377 1380
474 3 0 1380 1377 292 1378
475 3 0 1379 1380 1378 508
476 3 0 502 1371 1382 1362
477 3 0 1371 509 1379 1382
478 3 0 1382 1379 508 1381
479 3 0 1362 1382 1381 294
480 3 0 294 1381 1386 1385
481 3 0 1381 508 1383 1386
482 3 0 1386 1383 512 1384
483 3 0 1385 1386 1384 511
484 3 0 508 1378 1389 1383
485 3 0 1378 292 1387 1389
486 3 0 1389 1387 510 1388
487 3 0 1383 1389 1388 512
488 3 0 512 1388 1392 1391
489 3 0 1388 510 1390 1392
490 3 0 1392 1390 224 1099
491 3 0 1391 1392 1099 435
492 3 0 511 1384 1394 1393
493 3 0 1384 512 1391 1394
494 3 0 1394 1391 435 1109
495 3 0 1393 1394 1109 274
496 3 0 293 1366 1398 1397
497 3 0 1366 503 1395 1398
498 3 0 1398 1395 514 1396
499 3 0 1397 1398 1396 513
500 3 0 503 1363 1400 1395
501 3 0 1363 294 1385 1400
502 3 0 1400 1385 511 1399
503 3 0 1395 1400 1399 514
504 3 0 514 1399 1402 1401
505 3 0 1399 511 1393 1402
506 3 0 1402 1393 274 1139
507 3 0 1401 1402 1139 445
508 3 0 513 1396 1404 1403
509 3 0 1396 514 1401 1404
510 3 0 1404 1401 445 1147
511 3 0 1403 1404 1147 240
512 3 0 230 1405 1409 1408
513 3 0 1405 515 1406 1409
514 3 0 1409 1406 519 1407
515 3 0 1408 1409 1407 518
516 3 0 515 1410 1413 1406
517 3 0 1410 295 1411 1413
518 3 0 1413 1411 516 1412
519 3 0 1406 1413 1412 519
520 3 0 519 1412 1417 1416
521 3 0 1412 516 1414 1417
522 3 0 1417 1414 297 1415
523 3 0 1416 1417 1415 517
524 3 0 518 1407 1420 1419
525 3 0 1407 519 1416 1420
526 3 0 1420 1416 517 1418
527 3 0 1419 1420 1418 296
528 3 0 295 1421 1424 1411
529 3 0 1421 520 1422 1424
530 3 0 1424 1422 522 1423
531 3 0 1411 1424 1423 516
532 3 0 520 1425 1427 1422
533 3 0 1425 239 1094 1427
534 3 0 1427 1094 430 1426
535 3 0 1422 1427 1426 522
536 3 0 522 1426 1430 1429
537 3 0 1426 430 1091 1430
538 3 0 1430 1091 269 1428
539 3 0 1429 1430 1428 521
540 3 0 516 1423 1432 1414
541 3 0 1423 522 1429 1432
542 3 0 1432 1429 521 1431
543 3 0 1414 1432 1431 297
544 3 0 297 1431 1436 1435
545 3 0 1431 521 1433 1436
546 3 0 1436 1433 524 1434
547 3 0 1435 1436 1434 523
548 3 0 521 1428 1438 1433
549 3 0 1428 269 1082 1438
550 3 0 1438 1082 427 1437
551 3 0 1433 1438 1437 524
552 3 0 524 1437 1440 1439
553 3 0 1437 427 1079 1440
554 3 0 1440 1079 224 1390
555 3 0 1439 1440 1390 510
556 3 0 523 1434 1442 1441
557 3 0 1434 524 1439 1442
558 3 0 1442 1439 510 1387
559 3 0 1441 1442 1387 292
560 3 0 296 1418 1446 1445
561 3 0 1418 517 1443 1446
562 3 0 1446 1443 526 1444
563 3 0 1445 1446 1444 525
564 3 0 517 1415 1448 1443
565 3 0 1415 297 1435 1448
566 3 0 1448 1435 523 1447
567 3 0 1443 1448 1447 526
568 3 0 526 1447 1450 1449
569 3 0 1447 523 1441 1450
570 3 0 1450 1441 292 1377
571 3 0 1449 1450 1377 507
572 3 0 525 1444 1452 1451
573 3 0 1444 526 1449 1452
574 3 0 1452 1449 507 1374
575 3 0 1451 1452 1374 254
576 3 0 169 1453 1456 168
577 3 0 1453 527 1454 1456
578 3 0 1456 1454 530 1455
579 3 0 168 1456 1455 167
580 3 0 527 1457 1460 1454
581 3 0 1457 298 1458 1460
582 3 0 1460 1458 528 1459
583 3 0 1454 1460 1459 530
584 3 0 530 1459 1464 1463
585 3 0 1459 528 1461 1464
586 3 0 1464 1461 300 1462
587 3 0 1463 1464 1462 529
588 3 0 167 1455 1466 166
589 3 0 1455 530 1463 1466
590 3 0 1466 1463 529 1465
591 3 0 166 1466 1465 165
592 3 0 298 1467 1470 1458
593 3 0 1467 531 1468 1470
594 3 0 1470 1468 533 1469
595 3 0 1458 1470 1469 528
596 3 0 531 1471 1473 1468
597 3 0 1471 234 1169 1473
598 3 0 1473 1169 452 1472
599 3 0 1468 1473 1472 533
600 3 0 533 1472 1476 1475
601 3 0 1472 452 1165 1476
602 3 0 1476 1165 276 1474
603 3 0 1475 1476 1474 532
604 3 0 528 1469 1478 1461
605 3 0 1469 533 1475 1478
606 3 0 1478 1475 532 1477
607 3 0 1461 1478 1477 300
608 3 0 300 1477 1482 1481
609 3 0 1477 532 1479 1482
610 3 0 1482 1479 536 1480
611 3 0 1481 1482 1480 535
612 3 0 532 1474 1484 1479
613 3 0 1474 276 1154 1484
614 3 0 1484 1154 447 1483
615 3 0 1479 1484 1483 536
616 3 0 536 1483 1487 1486
617 3 0 1483 447 1149 1487
618 3 0 1487 1149 243 1485
619 3 0 1486 1487 1485 534
620 3 0 535 1480 1490 1489
621 3 0 1480 536 1486 1490
622 3 0 1490 1486 534 1488
623 3 0 1489 1490 1488 299
624 3 0 165 1465 1493 164
625 3 0 1465 529 1491 1493
626 3 0 1493 1491 538 1492
627 3 0 164 1493 1492 163
628 3 0 529 1462 1495 1491
629 3 0 1462 300 1481 1495
630 3 0 1495 1481 535 1494
631 3 0 1491 1495 1494 538
632 3 0 538 1494 1498 1497
633 3 0 1494 535 1489 1498
634 3 0 1498 1489 299 1496
635 3 0 1497 1498 1496 537
636 3 0 163 1492 1500 162
637 3 0 1492 538 1497 1500
638 3 0 1500 1497 537 1499
639 3 0 162 1500 1499 161
640 3 0 232 1501 1505 1504
641 3 0 1501 539 1502 1505
642 3 0 1505 1502 543 1503
643 3 0 1504 1505 1503 542
644 3 0 539 1506 1509 1502
645 3 0 1506 301 1507 1509
646 3 0 1509 1507 540 1508
647 3 0 1502 1509 1508 543
648 3 0 543 1508 1513 1512
649 3 0 1508 540 1510 1513
650 3 0 1513 1510 304 1511
651 3 0 1512 1513 1511 541
652 3 0 542 1503 1516 1515
653 3 0 1503 543 1512 1516
654 3 0 1516 1512 541 1514
655 3 0 1515 1516 1514 303
656 3 0 301 1517 1520 1507
657 3 0 1517 544 1518 1520
658 3 0 1520 1518 547 1519
659 3 0 1507 1520 1519 540
660 3 0 544 1521 1524 1518
661 3 0 1521 260 1522 1524
662 3 0 1524 1522 545 1523
663 3 0 1518 1524 1523 547
664 3 0 547 1523 1528 1527
665 3 0 1523 545 1525 1528
666 3 0 1528 1525 302 1526
667 3 0 1527 1528 1526 546
668 3 0 540 1519 1530 1510
669 3 0 1519 547 1527 1530
670 3 0 1530 1527 546 1529
671 3 0 1510 1530 1529 304
672 3 0 304 1529 1534 1533
673 3 0 1529 546 1531 1534
674 3 0 1534 1531 550 1532
675 3 0 1533 1534 1532 549
676 3 0 546 1526 1537 1531
677 3 0 1526 302 1535 1537
678 3 0 1537 1535 548 1536
679 3 0 1531 1537 1536 550
680 3 0 550 1536 1540 1539
681 3 0 1536 548 1538 1540
682 3 0 1540 1538 51 52
683 3 0 1539 1540 52 53
684 3 0 549 1532 1542 1541
685 3 0 1532 550 1539 1542
686 3 0 1542 1539 53 54
687 3 0 1541 1542 54 55
688 3 0 303 1514 1546 1545
689 3 0 1514 541 1543 1546
690 3 0 1546 1543 552 1544
691 3 0 1545 1546 1544 551
692 3 0 541 1511 1548 1543
693 3 0 1511 304 1533 1548
694 3 0 1548 1533 549 1547
695 3 0 1543 1548 1547 552
696 3 0 552 1547 1550 1549
697 3 0 1547 549 1541 1550
698 3 0 1550 1541 55 56
699 3 0 1549 1550 56 57
700 3 0 551 1544 1552 1551
701 3 0 1544 552 1549 1552
702 3 0 1552 1549 57 58
703 3 0 1551 1552 58 59
704 3 0 252 1553 1557 1556
705 3 0 1553 553 1554 1557
706 3 0 1557 1554 557 1555
707 3 0 1556 1557 1555 556
708 3 0 553 1558 1561 1554
709 3 0 1558 305 1559 1561
710 3 0 1561 1559 554 1560
711 3 0 1554 1561 1560 557
712 3 0 557 1560 1565 1564
713 3 0 1560 554 1562 1565
714 3 0 1565 1562 308 1563
715 3 0 1564 1565 1563 555
716 3 0 556 1555 1568 1567
717 3 0 1555 557 1564 1568
718 3 0 1568 1564 555 1566
719 3 0 1567 1568 1566 307
720 3 0 305 1569 1572 1559
721 3 0 1569 558 1570 1572
722 3 0 1572 1570 560 1571
723 3 0 1559 1572 1571 554
724 3 0 558 1573 1575 1570
725 3 0 1573 90 91 1575
726 3 0 1575 91 92 1574
727 3 0 1570 1575 1574 560
728 3 0 560 1574 1578 1577
729 3 0 1574 92 93 1578
730 3 0 1578 93 94 1576
731 3 0 1577 1578 1576 559
732 3 0 554 1571 1580 1562
733 3 0 1571 560 1577 1580
734 3 0 1580 1577 559 1579
735 3 0 1562 1580 1579 308
736 3 0 308 1579 1584 1583
737 3 0 1579 559 1581 1584
738 3 0 1584 1581 563 1582
739 3 0 1583 1584 1582 562
740 3 0 559 1576 1586 1581
741 3 0 1576 94 95 1586
742 3 0 1586 95 96 1585
743 3 0 1581 1586 1585 563
744 3 0 563 1585 1589 1588
745 3 0 1585 96 97 1589
746 3 0 1589 97 98 1587
747 3 0 1588 1589 1587 561
748 3 0 562 1582 1592 1591
749 3 0 1582 563 1588 1592
750 3 0 1592 1588 561 1590
751 3 0 1591 1592 1590 306
752 3 0 307 1566 1596 1595
753 3 0 1566 555 1593 1596
754 3 0 1596 1593 566 1594
755 3 0 1595 1596 1594 565
756 3 0 555 1563 1598 1593
757 3 0 1563 308 1583 1598
758 3 0 1598 1583 562 1597
759 3 0 1593 1598 1597 566
760 3 0 566 1597 1601 1600
761 3 0 1597 562 1591 1601
762 3 0 1601 1591 306 1599
763 3 0 1600 1601 1599 564
764 3 0 565 1594 1604 1603
765 3 0 1594 566 1600 1604
766 3 0 1604 1600 564 1602
767 3 0 1603 1604 1602 244
768 3 0 253 1605 1609 1608
769 3 0 1605 567 1606 1609
770 3 0 1609 1606 571 1607
771 3 0 1608 1609 1607 570
772 3 0 567 1610 1613 1606
773 3 0 1610 309 1611 1613
774 3 0 1613 1611 568 1612
775 3 0 1606 1613 1612 571
776 3 0 571 1612 1617 1616
777 3 0 1612 568 1614 1617
778 3 0 1617 1614 312 1615
779 3 0 1616 1617 1615 569
780 3 0 570 1607 1620 1619
781 3 0 1607 571 1616 1620
782 3 0 1620 1616 569 1618
783 3 0 1619 1620 1618 311
784 3 0 309 1621 1624 1611
785 3 0 1621 572 1622 1624
786 3 0 1624 1622 574 1623
787 3 0 1611 1624 1623 568
788 3 0 572 1625 1627 1622
789 3 0 1625 200 201 1627
790 3 0 1627 201 202 1626
791 3 0 1622 1627 1626 574
792 3 0 574 1626 1630 1629
793 3 0 1626 202 203 1630
794 3 0 1630 203 204 1628
795 3 0 1629 1630 1628 573
796 3 0 568 1623 1632 1614
797 3 0 1623 574 1629 1632
798 3 0 1632 1629 573 1631
799 3 0 1614 1632 1631 312
800 3 0 312 1631 1636 1635
801 3 0 1631 573 1633 1636
802 3 0 1636 1633 577 1634
803 3 0 1635 1636 1634 576
804 3 0 573 1628 1638 1633
805 3 0 1628 204 205 1638
806 3 0 1638 205 206 1637
807 3 0 1633 1638 1637 577
808 3 0 577 1637 1641 1640
809 3 0 1637 206 207 1641
810 3 0 1641 207 208 1639
811 3 0 1640 1641 1639 575
812 3 0 576 1634 1644 1643
813 3 0 1634 577 1640 1644
814 3 0 1644 1640 575 1642
815 3 0 1643 1644 1642 310
816 3 0 311 1618 1648 1647
817 3 0 1618 569 1645 1648
818 3 0 1648 1645 580 1646
819 3 0 1647 1648 1646 579
820 3 0 569 1615 1650 1645
821 3 0 1615 312 1635 1650
822 3 0 1650 1635 576 1649
823 3 0 1645 1650 1649 580
824 3 0 580 1649 1653 1652
825 3 0 1649 576 1643 1653
826 3 0 1653 1643 310 1651
827 3 0 1652 1653 1651 578
828 3 0 579 1646 1656 1655
829 3 0 1646 580 1652 1656
830 3 0 1656 1652 578 1654
831 3 0 1655 1656 1654 245
832 3 0 251 1657 1661 1660
833 3 0 1657 581 1658 1661
834 3 0 1661 1658 585 1659
835 3 0 1660 1661 1659 584
836 3 0 581 1662 1665 1658
837 3 0 1662 313 1663 1665
838 3 0 1665 1663 582 1664
839 3 0 1658 1665 1664 585
840 3 0 585 1664 1669 1668
841 3 0 1664 582 1666 1669
842 3 0 1669 1666 315 1667
843 3 0 1668 1669 1667 583
844 3 0 584 1659 1672 1671
845 3 0 1659 585 1668 1672
846 3 0 1672 1668 583 1670
847 3 0 1671 1672 1670 314
848 3 0 313 1673 1676 1663
849 3 0 1673 586 1674 1676
850 3 0 1676 1674 588 1675
851 3 0 1663 1676 1675 582
852 3 0 586 1677 1679 1674
853 3 0 1677 244 1602 1679
854 3 0 1679 1602 564 1678
855 3 0 1674 1679 1678 588
856 3 0 588 1678 1682 1681
857 3 0 1678 564 1599 1682
858 3 0 1682 1599 306 1680
859 3 0 1681 1682 1680 587
860 3 0 582 1675 1684 1666
861 3 0 1675 588 1681 1684
862 3 0 1684 1681 587 1683
863 3 0 1666 1684 1683 315
864 3 0 315 1683 1688 1687
865 3 0 1683 587 1685 1688
866 3 0 1688 1685 590 1686
867 3 0 1687 1688 1686 589
868 3 0 587 1680 1690 1685
869 3 0 1680 306 1590 1690
870 3 0 1690 1590 561 1689
871 3 0 1685 1690 1689 590
872 3 0 590 1689 1692 1691
873 3 0 1689 561 1587 1692
874 3 0 1692 1587 98 99
875 3 0 1691 1692 99 100
876 3 0 589 1686 1694 1693
877 3 0 1686 590 1691 1694
878 3 0 1694 1691 100 101
879 3 0 1693 1694 101 102
880 3 0 314 1670 1698 1697
881 3 0 1670 583 1695 1698
882 3 0 1698 1695 592 1696
883 3 0 1697 1698 1696 591
884 3 0 583 1667 1700 1695
885 3 0 1667 315 1687 1700
886 3 0 1700 1687 589 1699
887 3 0 1695 1700 1699 592
888 3 0 592 1699 1702 1701
889 3 0 1699 589 1693 1702
890 3 0 1702 1693 102 103
891 3 0 1701 1702 103 104
892 3 0 591 1696 1704 1703
893 3 0 1696 592 1701 1704
894 3 0 1704 1701 104 105
895 3 0 1703 1704 105 106
896 3 0 250 1705 1709 1708
897 3 0 1705 593 1706 1709
898 3 0 1709 1706 597 1707
899 3 0 1708 1709 1707 596
900 3 0 593 1710 1713 1706
901 3 0 1710 316 1711 1713
902 3 0 1713 1711 594 1712
903 3 0 1706 1713 1712 597
904 3 0 597 1712 1717 1716
905 3 0 1712 594 1714 1717
906 3 0 1717 1714 318 1715
907 3 0 1716 1717 1715 595
908 3 0 596 1707 1720 1719
909 3 0 1707 597 1716 1720
910 3 0 1720 1716 595 1718
911 3 0 1719 1720 1718 317
912 3 0 316 1721 1724 1711
913 3 0 1721 598 1722 1724
914 3 0 1724 1722 600 1723
915 3 0 1711 1724 1723 594
916 3 0 598 1725 1727 1722
917 3 0 1725 245 1654 1727
918 3 0 1727 1654 578 1726
919 3 0 1722 1727 1726 600
920 3 0 600 1726 1730 1729
921 3 0 1726 578 1651 1730
922 3 0 1730 1651 310 1728
923 3 0 1729 1730 1728 599
924 3 0 594 1723 1732 1714
925 3 0 1723 600 1729 1732
926 3 0 1732 1729 599 1731
927 3 0 1714 1732 1731 318
928 3 0 318 1731 1736 1735
929 3 0 1731 599 1733 1736
930 3 0 1736 1733 602 1734
931 3 0 1735 1736 1734 601
932 3 0 599 1728 1738 1733
933 3 0 1728 310 1642 1738
934 3 0 1738 1642 575 1737
935 3 0 1733 1738 1737 602
936 3 0 602 1737 1740 1739
937 3 0 1737 575 1639 1740
938 3 0 1740 1639 208 209
939 3 0 1739 1740 209 210
940 3 0 601 1734 1742 1741
941 3 0 1734 602 1739 1742
942 3 0 1742 1739 210 211
943 3 0 1741 1742 211 212
944 3 0 317 1718 1746 1745
945 3 0 1718 595 1743 1746
946 3 0 1746 1743 604 1744
947 3 0 1745 1746 1744 603
948 3 0 595 1715 1748 1743
949 3 0 1715 318 1735 1748
950 3 0 1748 1735 601 1747
951 3 0 1743 1748 1747 604
952 3 0 604 1747 1750 1749
953 3 0 1747 601 1741 1750
954 3 0 1750 1741 212 213
955 3 0 1749 1750 213 214
956 3 0 603 1744 1752 1751
957 3 0 1744 604 1749 1752
958 3 0 1752 1749 214 215
959 3 0 1751 1752 215 216
960 3 0 27 28 1756 1755
961 3 0 28 29 1753 1756
962 3 0 1756 1753 608 1754
963 3 0 1755 1756 1754 607
964 3 0 29 30 1759 1753
965 3 0 30 31 1757 1759
966 3 0 1759 1757 605 1758
967 3 0 1753 1759 1758 608
968 3 0 608 1758 1763 1762
969 3 0 1758 605 1760 1763
970 3 0 1763 1760 321 1761
971 3 0 1762 1763 1761 606
972 3 0 607 1754 1766 1765
973 3 0 1754 608 1762 1766
974 3 0 1766 1762 606 1764
975 3 0 1765 1766 1764 320
976 3 0 31 32 1769 1757
977 3 0 32 33 1767 1769
978 3 0 1769 1767 611 1768
979 3 0 1757 1769 1768 605
980 3 0 33 34 1772 1767
981 3 0 34 35 1770 1772
982 3 0 1772 1770 609 1771
983 3 0 1767 1772 1771 611
984 3 0 611 1771 1776 1775
985 3 0 1771 609 1773 1776
986 3 0 1776 1773 319 1774
987 3 0 1775 1776 1774 610
988 3 0 605 1768 1778 1760
989 3 0 1768 611 1775 1778
990 3 0 1778 1775 610 1777
991 3 0 1760 1778 1777 321
992 3 0 321 1777 1782 1781
993 3 0 1777 610 1779 1782
994 3 0 1782 1779 614 1780
995 3 0 1781 1782 1780 613
996 3 0 610 1774 1785 1779
997 3 0 1774 319 1783 1785
998 3 0 1785 1783 612 1784
999 3 0 1779 1785 1784 614
1000 3 0 614 1784 1788 1787
1001 3 0 1784 612 1786 1788
1002 3 0 1788 1786 241 1232
1003 3 0 1787 1788 1232 467
1004 3 0 613 1780 1790 1789
1005 3 0 1780 614 1787 1790
1006 3 0 1790 1787 467 1229
1007 3 0 1789 1790 1229 280
1008 3 0 320 1764 1794 1793
1009 3 0 1764 606 1791 1794
1010 3 0 1794 1791 616 1792
1011 3 0 1793 1794 1792 615
1012 3 0 606 1761 1796 1791
1013 3 0 1761 321 1781 1796
1014 3 0 1796 1781 613 1795
1015 3 0 1791 1796 1795 616
1016 3 0 616 1795 1798 1797
1017 3 0 1795 613 1789 1798
1018 3 0 1798 1789 280 1219
1019 3 0 1797 1798 1219 464
1020 3 0 615 1792 1800 1799
1021 3 0 1792 616 1797 1800
1022 3 0 1800 1797 464 1216
1023 3 0 1799 1800 1216 233
1024 3 0 237 1801 1805 1804
1025 3 0 1801 617 1802 1805
1026 3 0 1805 1802 621 1803
1027 3 0 1804 1805 1803 620
1028 3 0 617 1806 1809 1802
1029 3 0 1806 322 1807 1809
1030 3 0 1809 1807 618 1808
1031 3 0 1802 1809 1808 621
1032 3 0 621 1808 1813 1812
1033 3 0 1808 618 1810 1813
1034 3 0 1813 1810 325 1811
1035 3 0 1812 1813 1811 619
1036 3 0 620 1803 1816 1815
1037 3 0 1803 621 1812 1816
1038 3 0 1816 1812 619 1814
1039 3 0 1815 1816 1814 324
1040 3 0 322 1817 1820 1807
1041 3 0 1817 622 1818 1820
1042 3 0 1820 1818 625 1819
1043 3 0 1807 1820 1819 618
1044 3 0 622 1821 1824 1818
1045 3 0 1821 242 1822 1824
1046 3 0 1824 1822 623 1823
1047 3 0 1818 1824 1823 625
1048 3 0 625 1823 1828 1827
1049 3 0 1823 623 1825 1828
1050 3 0 1828 1825 323 1826
1051 3 0 1827 1828 1826 624
1052 3 0 618 1819 1830 1810
1053 3 0 1819 625 1827 1830
1054 3 0 1830 1827 624 1829
1055 3 0 1810 1830 1829 325
1056 3 0 325 1829 1834 1833
1057 3 0 1829 624 1831 1834
1058 3 0 1834 1831 628 1832
1059 3 0 1833 1834 1832 627
1060 3 0 624 1826 1837 1831
1061 3 0 1826 323 1835 1837
1062 3 0 1837 1835 626 1836
1063 3 0 1831 1837 1836 628
1064 3 0 628 1836 1840 1839
1065 3 0 1836 626 1838 1840
1066 3 0 1840 1838 129 130
1067 3 0 1839 1840 130 131
1068 3 0 627 1832 1842 1841
1069 3 0 1832 628 1839 1842
1070 3 0 1842 1839 131 132
1071 3 0 1841 1842 132 133
1072 3 0 324 1814 1846 1845
1073 3 0 1814 619 1843 1846
1074 3 0 1846 1843 630 1844
1075 3 0 1845 1846 1844 629
1076 3 0 619 1811 1848 1843
1077 3 0 1811 325 1833 1848
1078 3 0 1848 1833 627 1847
1079 3 0 1843 1848 1847 630
1080 3 0 630 1847 1850 1849
1081 3 0 1847 627 1841 1850
1082 3 0 1850 1841 133 134
1083 3 0 1849 1850 134 135
1084 3 0 629 1844 1852 1851
1085 3 0 1844 630 1849 1852
1086 3 0 1852 1849 135 136
1087 3 0 1851 1852 136 137
1088 3 0 233 1044 1855 1799
1089 3 0 1044 420 1853 1855
1090 3 0 1855 1853 633 1854
1091 3 0 1799 1855 1854 615
1092 3 0 420 1055 1858 1853
1093 3 0 1055 270 1856 1858
1094 3 0 1858 1856 631 1857
1095 3 0 1853 1858 1857 633
1096 3 0 633 1857 1862 1861
1097 3 0 1857 631 1859 1862
1098 3 0 1862 1859 327 1860
1099 3 0 1861 1862 1860 632
1100 3 0 615 1854 1864 1793
1101 3 0 1854 633 1861 1864
1102 3 0 1864 1861 632 1863
1103 3 0 1793 1864 1863 320
1104 3 0 270 1087 1867 1856
1105 3 0 1087 431 1865 1867
1106 3 0 1867 1865 636 1866
1107 3 0 1856 1867 1866 631
1108 3 0 431 1095 1870 1865
1109 3 0 1095 239 1868 1870
1110 3 0 1870 1868 634 1869
1111 3 0 1865 1870 1869 636
1112 3 0 636 1869 1874 1873
1113 3 0 1869 634 1871 1874
1114 3 0 1874 1871 326 1872
1115 3 0 1873 1874 1872 635
1116 3 0 631 1866 1876 1859
1117 3 0 1866 636 1873 1876
1118 3 0 1876 1873 635 1875
1119 3 0 1859 1876 1875 327
1120 3 0 327 1875 1880 1879
1121 3 0 1875 635 1877 1880
1122 3 0 1880 1877 639 1878
1123 3 0 1879 1880 1878 638
1124 3 0 635 1872 1883 1877
1125 3 0 1872 326 1881 1883
1126 3 0 1883 1881 637 1882
1127 3 0 1877 1883 1882 639
1128 3 0 639 1882 1886 1885
1129 3 0 1882 637 1884 1886
1130 3 0 1886 1884 19 20
1131 3 0 1885 1886 20 21
1132 3 0 638 1878 1888 1887
1133 3 0 1878 639 1885 1888
1134 3 0 1888 1885 21 22
1135 3 0 1887 1888 22 23
1136 3 0 320 1863 1891 1765
1137 3 0 1863 632 1889 1891
1138 3 0 1891 1889 640 1890
1139 3 0 1765 1891 1890 607
1140 3 0 632 1860 1893 1889
1141 3 0 1860 327 1879 1893
1142 3 0 1893 1879 638 1892
1143 3 0 1889 1893 1892 640
1144 3 0 640 1892 1895 1894
1145 3 0 1892 638 1887 1895
1146 3 0 1895 1887 23 24
1147 3 0 1894 1895 24 25
1148 3 0 607 1890 1896 1755
1149 3 0 1890 640 1894 1896
1150 3 0 1896 1894 25 26
1151 3 0 1755 1896 26 27
1152 3 0 234 1471 1899 1131
1153 3 0 1471 531 1897 1899
1154 3 0 1899 1897 643 1898
1155 3 0 1131 1899 1898 441
1156 3 0 531 1467 1902 1897
1157 3 0 1467 298 1900 1902
1158 3 0 1902 1900 641 1901
1159 3 0 1897 1902 1901 643
1160 3 0 643 1901 1906 1905
1161 3 0 1901 641 1903 1906
1162 3 0 1906 1903 329 1904
1163 3 0 1905 1906 1904 642
1164 3 0 441 1898 1908 1134
1165 3 0 1898 643 1905 1908
1166 3 0 1908 1905 642 1907
1167 3 0 1134 1908 1907 273
1168 3 0 298 1457 1911 1900
1169 3 0 1457 527 1909 1911
1170 3 0 1911 1909 645 1910
1171 3 0 1900 1911 1910 641
1172 3 0 527 1453 1913 1909
1173 3 0 1453 169 170 1913
1174 3 0 1913 170 171 1912
1175 3 0 1909 1913 1912 645
1176 3 0 645 1912 1916 1915
1177 3 0 1912 171 172 1916
1178 3 0 1916 172 173 1914
1179 3 0 1915 1916 1914 644
1180 3 0 641 1910 1918 1903
1181 3 0 1910 645 1915 1918
1182 3 0 1918 1915 644 1917
1183 3 0 1903 1918 1917 329
1184 3 0 329 1917 1922 1921
1185 3 0 1917 644 1919 1922
1186 3 0 1922 1919 648 1920
1187 3 0 1921 1922 1920 647
1188 3 0 644 1914 1924 1919
1189 3 0 1914 173 174 1924
1190 3 0 1924 174 175 1923
1191 3 0 1919 1924 1923 648
1192 3 0 648 1923 1927 1926
1193 3 0 1923 175 176 1927
1194 3 0 1927 176 177 1925
1195 3 0 1926 1927 1925 646
1196 3 0 647 1920 1930 1929
1197 3 0 1920 648 1926 1930
1198 3 0 1930 1926 646 1928
1199 3 0 1929 1930 1928 328
1200 3 0 273 1907 1933 1143
1201 3 0 1907 642 1931 1933
1202 3 0 1933 1931 650 1932
1203 3 0 1143 1933 1932 444
1204 3 0 642 1904 1935 1931
1205 3 0 1904 329 1921 1935
1206 3 0 1935 1921 647 1934
1207 3 0 1931 1935 1934 650
1208 3 0 650 1934 1938 1937
1209 3 0 1934 647 1929 1938
1210 3 0 1938 1929 328 1936
1211 3 0 1937 1938 1936 649
1212 3 0 444 1932 1940 1146
1213 3 0 1932 650 1937 1940
1214 3 0 1940 1937 649 1939
1215 3 0 1146 1940 1939 240
1216 3 0 232 1504 1943 1249
1217 3 0 1504 542 1941 1943
1218 3 0 1943 1941 653 1942
1219 3 0 1249 1943 1942 473
1220 3 0 542 1515 1946 1941
1221 3 0 1515 303 1944 1946
1222 3 0 1946 1944 651 1945
1223 3 0 1941 1946 1945 653
1224 3 0 653 1945 1950 1949
1225 3 0 1945 651 1947 1950
1226 3 0 1950 1947 331 1948
1227 3 0 1949 1950 1948 652
1228 3 0 473 1942 1952 1253
1229 3 0 1942 653 1949 1952
1230 3 0 1952 1949 652 1951
1231 3 0 1253 1952 1951 283
1232 3 0 303 1545 1955 1944
1233 3 0 1545 551 1953 1955
1234 3 0 1955 1953 655 1954
1235 3 0 1944 1955 1954 651
1236 3 0 551 1551 1957 1953
1237 3 0 1551 59 60 1957
1238 3 0 1957 60 61 1956
1239 3 0 1953 1957 1956 655
1240 3 0 655 1956 1960 1959
1241 3 0 1956 61 62 1960
1242 3 0 1960 62 63 1958
1243 3 0 1959 1960 1958 654
1244 3 0 651 1954 1962 1947
1245 3 0 1954 655 1959 1962
1246 3 0 1962 1959 654 1961
1247 3 0 1947 1962 1961 331
1248 3 0 331 1961 1966 1965
1249 3 0 1961 654 1963 1966
1250 3 0 1966 1963 658 1964
1251 3 0 1965 1966 1964 657
1252 3 0 654 1958 1968 1963
1253 3 0 1958 63 64 1968
1254 3 0 1968 64 65 1967
1255 3 0 1963 1968 1967 658
1256 3 0 658 1967 1971 1970
1257 3 0 1967 65 66 1971
1258 3 0 1971 66 67 1969
1259 3 0 1970 1971 1969 656
1260 3 0 657 1964 1974 1973
1261 3 0 1964 658 1970 1974
1262 3 0 1974 1970 656 1972
1263 3 0 1973 1974 1972 330
1264 3 0 283 1951 1977 1263
1265 3 0 1951 652 1975 1977
1266 3 0 1977 1975 660 1976
1267 3 0 1263 1977 1976 477
1268 3 0 652 1948 1979 1975
1269 3 0 1948 331 1965 1979
1270 3 0 1979 1965 657 1978
1271 3 0 1975 1979 1978 660
1272 3 0 660 1978 1982 1981
1273 3 0 1978 657 1973 1982
1274 3 0 1982 1973 330 1980
1275 3 0 1981 1982 1980 659
1276 3 0 477 1976 1984 1267
1277 3 0 1976 660 1981 1984
1278 3 0 1984 1981 659 1983
1279 3 0 1267 1984 1983 238
1280 3 0 246 1985 1988 1006
1281 3 0 1985 661 1986 1988
1282 3 0 1988 1986 664 1987
1283 3 0 1006 1988 1987 407
1284 3 0 661 1989 1992 1986
1285 3 0 1989 332 1990 1992
1286 3 0 1992 1990 662 1991
1287 3 0 1986 1992 1991 664
1288 3 0 664 1991 1996 1995
1289 3 0 1991 662 1993 1996
1290 3 0 1996 1993 334 1994
1291 3 0 1995 1996 1994 663
1292 3 0 407 1987 1998 1009
1293 3 0 1987 664 1995 1998
1294 3 0 1998 1995 663 1997
1295 3 0 1009 1998 1997 263
1296 3 0 332 1999 2002 1990
1297 3 0 1999 665 2000 2002
1298 3 0 2002 2000 668 2001
1299 3 0 1990 2002 2001 662
1300 3 0 665 2003 2006 2000
1301 3 0 2003 235 2004 2006
1302 3 0 2006 2004 666 2005
1303 3 0 2000 2006 2005 668
1304 3 0 668 2005 2010 2009
1305 3 0 2005 666 2007 2010
1306 3 0 2010 2007 333 2008
1307 3 0 2009 2010 2008 667
1308 3 0 662 2001 2012 1993
1309 3 0 2001 668 2009 2012
1310 3 0 2012 2009 667 2011
1311 3 0 1993 2012 2011 334
1312 3 0 334 2011 2016 2015
1313 3 0 2011 667 2013 2016
1314 3 0 2016 2013 671 2014
1315 3 0 2015 2016 2014 670
1316 3 0 667 2008 2019 2013
1317 3 0 2008 333 2017 2019
1318 3 0 2019 2017 669 2018
1319 3 0 2013 2019 2018 671
1320 3 0 671 2018 2022 2021
1321 3 0 2018 669 2020 2022
1322 3 0 2022 2020 260 1521
1323 3 0 2021 2022 1521 544
1324 3 0 670 2014 2024 2023
1325 3 0 2014 671 2021 2024
1326 3 0 2024 2021 544 1517
1327 3 0 2023 2024 1517 301
1328 3 0 263 1997 2027 1019
1329 3 0 1997 663 2025 2027
1330 3 0 2027 2025 672 2026
1331 3 0 1019 2027 2026 410
1332 3 0 663 1994 2029 2025
1333 3 0 1994 334 2015 2029
1334 3 0 2029 2015 670 2028
1335 3 0 2025 2029 2028 672
1336 3 0 672 2028 2031 2030
1337 3 0 2028 670 2023 2031
1338 3 0 2031 2023 301 1506
1339 3 0 2030 2031 1506 539
1340 3 0 410 2026 2032 1022
1341 3 0 2026 672 2030 2032
1342 3 0 2032 2030 539 1501
1343 3 0 1022 2032 1501 232
1344 3 0 235 2033 2036 2004
1345 3 0 2033 673 2034 2036
1346 3 0 2036 2034 676 2035
1347 3 0 2004 2036 2035 666
1348 3 0 673 2037 2040 2034
1349 3 0 2037 335 2038 2040
1350 3 0 2040 2038 674 2039
1351 3 0 2034 2040 2039 676
1352 3 0 676 2039 2044 2043
1353 3 0 2039 674 2041 2044
1354 3 0 2044 2041 336 2042
1355 3 0 2043 2044 2042 675
1356 3 0 666 2035 2046 2007
1357 3 0 2035 676 2043 2046
1358 3 0 2046 2043 675 2045
1359 3 0 2007 2046 2045 333
1360 3 0 335 2047 2050 2038
1361 3 0 2047 677 2048 2050
1362 3 0 2050 2048 679 2049
1363 3 0 2038 2050 2049 674
1364 3 0 677 2051 2053 2048
1365 3 0 2051 43 44 2053
1366 3 0 2053 44 45 2052
1367 3 0 2048 2053 2052 679
1368 3 0 679 2052 2056 2055
1369 3 0 2052 45 46 2056
1370 3 0 2056 46 47 2054
1371 3 0 2055 2056 2054 678
1372 3 0 674 2049 2058 2041
1373 3 0 2049 679 2055 2058
1374 3 0 2058 2055 678 2057
1375 3 0 2041 2058 2057 336
1376 3 0 336 2057 2062 2061
1377 3 0 2057 678 2059 2062
1378 3 0 2062 2059 681 2060
1379 3 0 2061 2062 2060 680
1380 3 0 678 2054 2064 2059
1381 3 0 2054 47 48 2064
1382 3 0 2064 48 49 2063
1383 3 0 2059 2064 2063 681
1384 3 0 681 2063 2066 2065
1385 3 0 2063 49 50 2066
1386 3 0 2066 50 51 1538
1387 3 0 2065 2066 1538 548
1388 3 0 680 2060 2068 2067
1389 3 0 2060 681 2065 2068
1390 3 0 2068 2065 548 1535
1391 3 0 2067 2068 1535 302
1392 3 0 333 2045 2071 2017
1393 3 0 2045 675 2069 2071
1394 3 0 2071 2069 682 2070
1395 3 0 2017 2071 2070 669
1396 3 0 675 2042 2073 2069
1397 3 0 2042 336 2061 2073
1398 3 0 2073 2061 680 2072
1399 3 0 2069 2073 2072 682
1400 3 0 682 2072 2075 2074
1401 3 0 2072 680 2067 2075
1402 3 0 2075 2067 302 1525
1403 3 0 2074 2075 1525 545
1404 3 0 669 2070 2076 2020
1405 3 0 2070 682 2074 2076
1406 3 0 2076 2074 545 1522
1407 3 0 2020 2076 1522 260
1408 3 0 225 1338 2080 2079
1409 3 0 1338 496 2077 2080
1410 3 0 2080 2077 686 2078
1411 3 0 2079 2080 2078 685
1412 3 0 496 1335 2083 2077
1413 3 0 1335 288 2081 2083
1414 3 0 2083 2081 683 2082
1415 3 0 2077 2083 2082 686
1416 3 0 686 2082 2087 2086
1417 3 0 2082 683 2084 2087
1418 3 0 2087 2084 340 2085
1419 3 0 2086 2087 2085 684
1420 3 0 685 2078 2090 2089
1421 3 0 2078 686 2086 2090
1422 3 0 2090 2086 684 2088
1423 3 0 2089 2090 2088 339
1424 3 0 288 1325 2093 2081
1425 3 0 1325 493 2091 2093
1426 3 0 2093 2091 689 2092
1427 3 0 2081 2093 2092 683
1428 3 0 493 1322 2096 2091
1429 3 0 1322 255 2094 2096
1430 3 0 2096 2094 687 2095
1431 3 0 2091 2096 2095 689
1432 3 0 689 2095 2100 2099
1433 3 0 2095 687 2097 2100
1434 3 0 2100 2097 337 2098
1435 3 0 2099 2100 2098 688
1436 3 0 683 2092 2102 2084
1437 3 0 2092 689 2099 2102
1438 3 0 2102 2099 688 2101
1439 3 0 2084 2102 2101 340
1440 3 0 340 2101 2106 2105
1441 3 0 2101 688 2103 2106
1442 3 0 2106 2103 693 2104
1443 3 0 2105 2106 2104 692
1444 3 0 688 2098 2109 2103
1445 3 0 2098 337 2107 2109
1446 3 0 2109 2107 690 2108
1447 3 0 2103 2109 2108 693
1448 3 0 693 2108 2113 2112
1449 3 0 2108 690 2110 2113
1450 3 0 2113 2110 231 2111
1451 3 0 2112 2113 2111 691
1452 3 0 692 2104 2116 2115
1453 3 0 2104 693 2112 2116
1454 3 0 2116 2112 691 2114
1455 3 0 2115 2116 2114 338
1456 3 0 339 2088 2120 2119
1457 3 0 2088 684 2117 2120
1458 3 0 2120 2117 696 2118
1459 3 0 2119 2120 2118 695
1460 3 0 684 2085 2122 2117
1461 3 0 2085 340 2105 2122
1462 3 0 2122 2105 692 2121
1463 3 0 2117 2122 2121 696
1464 3 0 696 2121 2125 2124
1465 3 0 2121 692 2115 2125
1466 3 0 2125 2115 338 2123
1467 3 0 2124 2125 2123 694
1468 3 0 695 2118 2128 2127
1469 3 0 2118 696 2124 2128
1470 3 0 2128 2124 694 2126
1471 3 0 2127 2128 2126 242
1472 3 0 241 2129 2132 1233
1473 3 0 2129 697 2130 2132
1474 3 0 2132 2130 700 2131
1475 3 0 1233 2132 2131 468
1476 3 0 697 2133 2136 2130
1477 3 0 2133 341 2134 2136
1478 3 0 2136 2134 698 2135
1479 3 0 2130 2136 2135 700
1480 3 0 700 2135 2140 2139
1481 3 0 2135 698 2137 2140
1482 3 0 2140 2137 343 2138
1483 3 0 2139 2140 2138 699
1484 3 0 468 2131 2142 1236
1485 3 0 2131 700 2139 2142
1486 3 0 2142 2139 699 2141
1487 3 0 1236 2142 2141 281
1488 3 0 341 2143 2146 2134
1489 3 0 2143 701 2144 2146
1490 3 0 2146 2144 703 2145
1491 3 0 2134 2146 2145 698
1492 3 0 701 2147 2149 2144
1493 3 0 2147 235 2003 2149
1494 3 0 2149 2003 665 2148
1495 3 0 2144 2149 2148 703
1496 3 0 703 2148 2152 2151
1497 3 0 2148 665 1999 2152
1498 3 0 2152 1999 332 2150
1499 3 0 2151 2152 2150 702
1500 3 0 698 2145 2154 2137
1501 3 0 2145 703 2151 2154
1502 3 0 2154 2151 702 2153
1503 3 0 2137 2154 2153 343
1504 3 0 343 2153 2158 2157
1505 3 0 2153 702 2155 2158
1506 3 0 2158 2155 706 2156
1507 3 0 2157 2158 2156 705
1508 3 0 702 2150 2160 2155
1509 3 0 2150 332 1989 2160
1510 3 0 2160 1989 661 2159
1511 3 0 2155 2160 2159 706
1512 3 0 706 2159 2163 2162
1513 3 0 2159 661 1985 2163
1514 3 0 2163 1985 246 2161
1515 3 0 2162 2163 2161 704
1516 3 0 705 2156 2166 2165
1517 3 0 2156 706 2162 2166
1518 3 0 2166 2162 704 2164
1519 3 0 2165 2166 2164 342
1520 3 0 281 2141 2169 1244
1521 3 0 2141 699 2167 2169
1522 3 0 2169 2167 708 2168
1523 3 0 1244 2169 2168 471
1524 3 0 699 2138 2171 2167
1525 3 0 2138 343 2157 2171
1526 3 0 2171 2157 705 2170
1527 3 0 2167 2171 2170 708
1528 3 0 708 2170 2174 2173
1529 3 0 2170 705 2165 2174
1530 3 0 2174 2165 342 2172
1531 3 0 2173 2174 2172 707
1532 3 0 471 2168 2176 1247
1533 3 0 2168 708 2173 2176
1534 3 0 2176 2173 707 2175
1535 3 0 1247 2176 2175 226
1536 3 0 235 2147 2179 2033
1537 3 0 2147 701 2177 2179
1538 3 0 2179 2177 711 2178
1539 3 0 2033 2179 2178 673
1540 3 0 701 2143 2182 2177
1541 3 0 2143 341 2180 2182
1542 3 0 2182 2180 709 2181
1543 3 0 2177 2182 2181 711
1544 3 0 711 2181 2186 2185
1545 3 0 2181 709 2183 2186
1546 3 0 2186 2183 344 2184
1547 3 0 2185 2186 2184 710
1548 3 0 673 2178 2188 2037
1549 3 0 2178 711 2185 2188
1550 3 0 2188 2185 710 2187
1551 3 0 2037 2188 2187 335
1552 3 0 341 2133 2191 2180
1553 3 0 2133 697 2189 2191
1554 3 0 2191 2189 713 2190
1555 3 0 2180 2191 2190 709
1556 3 0 697 2129 2193 2189
1557 3 0 2129 241 1786 2193
1558 3 0 2193 1786 612 2192
1559 3 0 2189 2193 2192 713
1560 3 0 713 2192 2196 2195
1561 3 0 2192 612 1783 2196
1562 3 0 2196 1783 319 2194
1563 3 0 2195 2196 2194 712
1564 3 0 709 2190 2198 2183
1565 3 0 2190 713 2195 2198
1566 3 0 2198 2195 712 2197
1567 3 0 2183 2198 2197 344
1568 3 0 344 2197 2202 2201
1569 3 0 2197 712 2199 2202
1570 3 0 2202 2199 715 2200
1571 3 0 2201 2202 2200 714
1572 3 0 712 2194 2204 2199
1573 3 0 2194 319 1773 2204
1574 3 0 2204 1773 609 2203
1575 3 0 2199 2204 2203 715
1576 3 0 715 2203 2206 2205
1577 3 0 2203 609 1770 2206
1578 3 0 2206 1770 35 36
1579 3 0 2205 2206 36 37
1580 3 0 714 2200 2208 2207
1581 3 0 2200 715 2205 2208
1582 3 0 2208 2205 37 38
1583 3 0 2207 2208 38 39
1584 3 0 335 2187 2211 2047
1585 3 0 2187 710 2209 2211
1586 3 0 2211 2209 716 2210
1587 3 0 2047 2211 2210 677
1588 3 0 710 2184 2213 2209
1589 3 0 2184 344 2201 2213
1590 3 0 2213 2201 714 2212
1591 3 0 2209 2213 2212 716
1592 3 0 716 2212 2215 2214
1593 3 0 2212 714 2207 2215
1594 3 0 2215 2207 39 40
1595 3 0 2214 2215 40 41
1596 3 0 677 2210 2216 2051
1597 3 0 2210 716 2214 2216
1598 3 0 2216 2214 41 42
1599 3 0 2051 2216 42 43
1600 3 0 261 2217 2221 2220
1601 3 0 2217 717 2218 2221
1602 3 0 2221 2218 721 2219
1603 3 0 2220 2221 2219 720
1604 3 0 717 2222 2225 2218
1605 3 0 2222 345 2223 2225
1606 3 0 2225 2223 718 2224
1607 3 0 2218 2225 2224 721
1608 3 0 721 2224 2229 2228
1609 3 0 2224 718 2226 2229
1610 3 0 2229 2226 348 2227
1611 3 0 2228 2229 2227 719
1612 3 0 720 2219 2232 2231
1613 3 0 2219 721 2228 2232
1614 3 0 2232 2228 719 2230
1615 3 0 2231 2232 2230 347
1616 3 0 345 2233 2236 2223
1617 3 0 2233 722 2234 2236
1618 3 0 2236 2234 725 2235
1619 3 0 2223 2236 2235 718
1620 3 0 722 2237 2240 2234
1621 3 0 2237 236 2238 2240
1622 3 0 2240 2238 723 2239
1623 3 0 2234 2240 2239 725
1624 3 0 725 2239 2244 2243
1625 3 0 2239 723 2241 2244
1626 3 0 2244 2241 346 2242
1627 3 0 2243 2244 2242 724
1628 3 0 718 2235 2246 2226
1629 3 0 2235 725 2243 2246
1630 3 0 2246 2243 724 2245
1631 3 0 2226 2246 2245 348
1632 3 0 348 2245 2250 2249
1633 3 0 2245 724 2247 2250
1634 3 0 2250 2247 728 2248
1635 3 0 2249 2250 2248 727
1636 3 0 724 2242 2253 2247
1637 3 0 2242 346 2251 2253
1638 3 0 2253 2251 726 2252
1639 3 0 2247 2253 2252 728
1640 3 0 728 2252 2256 2255
1641 3 0 2252 726 2254 2256
1642 3 0 2256 2254 246 1005
1643 3 0 2255 2256 1005 406
1644 3 0 727 2248 2258 2257
1645 3 0 2248 728 2255 2258
1646 3 0 2258 2255 406 1001
1647 3 0 2257 2258 1001 262
1648 3 0 347 2230 2262 2261
1649 3 0 2230 719 2259 2262
1650 3 0 2262 2259 730 2260
1651 3 0 2261 2262 2260 729
1652 3 0 719 2227 2264 2259
1653 3 0 2227 348 2249 2264
1654 3 0 2264 2249 727 2263
1655 3 0 2259 2264 2263 730
1656 3 0 730 2263 2266 2265
1657 3 0 2263 727 2257 2266
1658 3 0 2266 2257 262 990
1659 3 0 2265 2266 990 401
1660 3 0 729 2260 2268 2267
1661 3 0 2260 730 2265 2268
1662 3 0 2268 2265 401 985
1663 3 0 2267 2268 985 227
1664 3 0 243 1152 2272 2271
1665 3 0 1152 450 2269 2272
1666 3 0 2272 2269 734 2270
1667 3 0 2271 2272 2270 733
1668 3 0 450 1163 2275 2269
1669 3 0 1163 278 2273 2275
1670 3 0 2275 2273 731 2274
1671 3 0 2269 2275 2274 734
1672 3 0 734 2274 2279 2278
1673 3 0 2274 731 2276 2279
1674 3 0 2279 2276 350 2277
1675 3 0 2278 2279 2277 732
1676 3 0 733 2270 2282 2281
1677 3 0 2270 734 2278 2282
1678 3 0 2282 2278 732 2280
1679 3 0 2281 2282 2280 349
1680 3 0 278 1191 2285 2273
1681 3 0 1191 459 2283 2285
1682 3 0 2285 2283 736 2284
1683 3 0 2273 2285 2284 731
1684 3 0 459 1199 2287 2283
1685 3 0 1199 226 2175 2287
1686 3 0 2287 2175 707 2286
1687 3 0 2283 2287 2286 736
1688 3 0 736 2286 2290 2289
1689 3 0 2286 707 2172 2290
1690 3 0 2290 2172 342 2288
1691 3 0 2289 2290 2288 735
1692 3 0 731 2284 2292 2276
1693 3 0 2284 736 2289 2292
1694 3 0 2292 2289 735 2291
1695 3 0 2276 2292 2291 350
1696 3 0 350 2291 2296 2295
1697 3 0 2291 735 2293 2296
1698 3 0 2296 2293 738 2294
1699 3 0 2295 2296 2294 737
1700 3 0 735 2288 2298 2293
1701 3 0 2288 342 2164 2298
1702 3 0 2298 2164 704 2297
1703 3 0 2293 2298 2297 738
1704 3 0 738 2297 2300 2299
1705 3 0 2297 704 2161 2300
1706 3 0 2300 2161 246 2254
1707 3 0 2299 2300 2254 726
1708 3 0 737 2294 2302 2301
1709 3 0 2294 738 2299 2302
1710 3 0 2302 2299 726 2251
1711 3 0 2301 2302 2251 346
1712 3 0 349 2280 2306 2305
1713 3 0 2280 732 2303 2306
1714 3 0 2306 2303 740 2304
1715 3 0 2305 2306 2304 739
1716 3 0 732 2277 2308 2303
1717 3 0 2277 350 2295 2308
1718 3 0 2308 2295 737 2307
1719 3 0 2303 2308 2307 740
1720 3 0 740 2307 2310 2309
1721 3 0 2307 737 2301 2310
1722 3 0 2310 2301 346 2241
1723 3 0 2309 2310 2241 723
1724 3 0 739 2304 2312 2311
1725 3 0 2304 740 2309 2312
1726 3 0 2312 2309 723 2238
1727 3 0 2311 2312 2238 236
1728 3 0 236 2313 2316 2311
1729 3 0 2313 741 2314 2316
1730 3 0 2316 2314 744 2315
1731 3 0 2311 2316 2315 739
1732 3 0 741 2317 2320 2314
1733 3 0 2317 351 2318 2320
1734 3 0 2320 2318 742 2319
1735 3 0 2314 2320 2319 744
1736 3 0 744 2319 2324 2323
1737 3 0 2319 742 2321 2324
1738 3 0 2324 2321 352 2322
1739 3 0 2323 2324 2322 743
1740 3 0 739 2315 2326 2305
1741 3 0 2315 744 2323 2326
1742 3 0 2326 2323 743 2325
1743 3 0 2305 2326 2325 349
1744 3 0 351 2327 2330 2318
1745 3 0 2327 745 2328 2330
1746 3 0 2330 2328 747 2329
1747 3 0 2318 2330 2329 742
1748 3 0 745 2331 2333 2328
1749 3 0 2331 153 154 2333
1750 3 0 2333 154 155 2332
1751 3 0 2328 2333 2332 747
1752 3 0 747 2332 2336 2335
1753 3 0 2332 155 156 2336
1754 3 0 2336 156 157 2334
1755 3 0 2335 2336 2334 746
1756 3 0 742 2329 2338 2321
1757 3 0 2329 747 2335 2338
1758 3 0 2338 2335 746 2337
1759 3 0 2321 2338 2337 352
1760 3 0 352 2337 2342 2341
1761 3 0 2337 746 2339 2342
1762 3 0 2342 2339 749 2340
1763 3 0 2341 2342 2340 748
1764 3 0 746 2334 2344 2339
1765 3 0 2334 157 158 2344
1766 3 0 2344 158 159 2343
1767 3 0 2339 2344 2343 749
1768 3 0 749 2343 2346 2345
1769 3 0 2343 159 160 2346
1770 3 0 2346 160 161 1499
1771 3 0 2345 2346 1499 537
1772 3 0 748 2340 2348 2347
1773 3 0 2340 749 2345 2348
1774 3 0 2348 2345 537 1496
1775 3 0 2347 2348 1496 299
1776 3 0 349 2325 2351 2281
1777 3 0 2325 743 2349 2351
1778 3 0 2351 2349 750 2350
1779 3 0 2281 2351 2350 733
1780 3 0 743 2322 2353 2349
1781 3 0 2322 352 2341 2353
1782 3 0 2353 2341 748 2352
1783 3 0 2349 2353 2352 750
1784 3 0 750 2352 2355 2354
1785 3 0 2352 748 2347 2355
1786 3 0 2355 2347 299 1488
1787 3 0 2354 2355 1488 534
1788 3 0 733 2350 2356 2271
1789 3 0 2350 750 2354 2356
1790 3 0 2356 2354 534 1485
1791 3 0 2271 2356 1485 243
1792 3 0 228 1304 2360 2359
1793 3 0 1304 490 2357 2360
1794 3 0 2360 2357 754 2358
1795 3 0 2359 2360 2358 753
1796 3 0 490 1315 2363 2357
1797 3 0 1315 289 2361 2363
1798 3 0 2363 2361 751 2362
1799 3 0 2357 2363 2362 754
1800 3 0 754 2362 2367 2366
1801 3 0 2362 751 2364 2367
1802 3 0 2367 2364 355 2365
1803 3 0 2366 2367 2365 752
1804 3 0 753 2358 2370 2369
1805 3 0 2358 754 2366 2370
1806 3 0 2370 2366 752 2368
1807 3 0 2369 2370 2368 354
1808 3 0 289 1345 2373 2361
1809 3 0 1345 499 2371 2373
1810 3 0 2373 2371 756 2372
1811 3 0 2361 2373 2372 751
1812 3 0 499 1351 2375 2371
1813 3 0 1351 238 1983 2375
1814 3 0 2375 1983 659 2374
1815 3 0 2371 2375 2374 756
1816 3 0 756 2374 2378 2377
1817 3 0 2374 659 1980 2378
1818 3 0 2378 1980 330 2376
1819 3 0 2377 2378 2376 755
1820 3 0 751 2372 2380 2364
1821 3 0 2372 756 2377 2380
1822 3 0 2380 2377 755 2379
1823 3 0 2364 2380 2379 355
1824 3 0 355 2379 2384 2383
1825 3 0 2379 755 2381 2384
1826 3 0 2384 2381 759 2382
1827 3 0 2383 2384 2382 758
1828 3 0 755 2376 2386 2381
1829 3 0 2376 330 1972 2386
1830 3 0 2386 1972 656 2385
1831 3 0 2381 2386 2385 759
1832 3 0 759 2385 2389 2388
1833 3 0 2385 656 1969 2389
1834 3 0 2389 1969 67 2387
1835 3 0 2388 2389 2387 757
1836 3 0 758 2382 2392 2391
1837 3 0 2382 759 2388 2392
1838 3 0 2392 2388 757 2390
1839 3 0 2391 2392 2390 353
1840 3 0 354 2368 2396 2395
1841 3 0 2368 752 2393 2396
1842 3 0 2396 2393 762 2394
1843 3 0 2395 2396 2394 761
1844 3 0 752 2365 2398 2393
1845 3 0 2365 355 2383 2398
1846 3 0 2398 2383 758 2397
1847 3 0 2393 2398 2397 762
1848 3 0 762 2397 2401 2400
1849 3 0 2397 758 2391 2401
1850 3 0 2401 2391 353 2399
1851 3 0 2400 2401 2399 760
1852 3 0 761 2394 2404 2403
1853 3 0 2394 762 2400 2404
1854 3 0 2404 2400 760 2402
1855 3 0 2403 2404 2402 256
1856 3 0 230 2405 2408 1405
1857 3 0 2405 763 2406 2408
1858 3 0 2408 2406 766 2407
1859 3 0 1405 2408 2407 515
1860 3 0 763 2409 2412 2406
1861 3 0 2409 356 2410 2412
1862 3 0 2412 2410 764 2411
1863 3 0 2406 2412 2411 766
1864 3 0 766 2411 2416 2415
1865 3 0 2411 764 2413 2416
1866 3 0 2416 2413 358 2414
1867 3 0 2415 2416 2414 765
1868 3 0 515 2407 2418 1410
1869 3 0 2407 766 2415 2418
1870 3 0 2418 2415 765 2417
1871 3 0 1410 2418 2417 295
1872 3 0 356 2419 2422 2410
1873 3 0 2419 767 2420 2422
1874 3 0 2422 2420 770 2421
1875 3 0 2410 2422 2421 764
1876 3 0 767 2423 2426 2420
1877 3 0 2423 258 2424 2426
1878 3 0 2426 2424 768 2425
1879 3 0 2420 2426 2425 770
1880 3 0 770 2425 2430 2429
1881 3 0 2425 768 2427 2430
1882 3 0 2430 2427 357 2428
1883 3 0 2429 2430 2428 769
1884 3 0 764 2421 2432 2413
1885 3 0 2421 770 2429 2432
1886 3 0 2432 2429 769 2431
1887 3 0 2413 2432 2431 358
1888 3 0 358 2431 2436 2435
1889 3 0 2431 769 2433 2436
1890 3 0 2436 2433 773 2434
1891 3 0 2435 2436 2434 772
1892 3 0 769 2428 2439 2433
1893 3 0 2428 357 2437 2439
1894 3 0 2439 2437 771 2438
1895 3 0 2433 2439 2438 773
1896 3 0 773 2438 2442 2441
1897 3 0 2438 771 2440 2442
1898 3 0 2442 2440 19 1884
1899 3 0 2441 2442 1884 637
1900 3 0 772 2434 2444 2443
1901 3 0 2434 773 2441 2444
1902 3 0 2444 2441 637 1881
1903 3 0 2443 2444 1881 326
1904 3 0 295 2417 2447 1421
1905 3 0 2417 765 2445 2447
1906 3 0 2447 2445 774 2446
1907 3 0 1421 2447 2446 520
1908 3 0 765 2414 2449 2445
1909 3 0 2414 358 2435 2449
1910 3 0 2449 2435 772 2448
1911 3 0 2445 2449 2448 774
1912 3 0 774 2448 2451 2450
1913 3 0 2448 772 2443 2451
1914 3 0 2451 2443 326 1871
1915 3 0 2450 2451 1871 634
1916 3 0 520 2446 2452 1425
1917 3 0 2446 774 2450 2452
1918 3 0 2452 2450 634 1868
1919 3 0 1425 2452 1868 239
1920 3 0 229 1356 2456 2455
1921 3 0 1356 504 2453 2456
1922 3 0 2456 2453 778 2454
1923 3 0 2455 2456 2454 777
1924 3 0 504 1367 2459 2453
1925 3 0 1367 293 2457 2459
1926 3 0 2459 2457 775 2458
1927 3 0 2453 2459 2458 778
1928 3 0 778 2458 2463 2462
1929 3 0 2458 775 2460 2463
1930 3 0 2463 2460 361 2461
1931 3 0 2462 2463 2461 776
1932 3 0 777 2454 2466 2465
1933 3 0 2454 778 2462 2466
1934 3 0 2466 2462 776 2464
1935 3 0 2465 2466 2464 360
1936 3 0 293 1397 2469 2457
1937 3 0 1397 513 2467 2469
1938 3 0 2469 2467 780 2468
1939 3 0 2457 2469 2468 775
1940 3 0 513 1403 2471 2467
1941 3 0 1403 240 1939 2471
1942 3 0 2471 1939 649 2470
1943 3 0 2467 2471 2470 780
1944 3 0 780 2470 2474 2473
1945 3 0 2470 649 1936 2474
1946 3 0 2474 1936 328 2472
1947 3 0 2473 2474 2472 779
1948 3 0 775 2468 2476 2460
1949 3 0 2468 780 2473 2476
1950 3 0 2476 2473 779 2475
1951 3 0 2460 2476 2475 361
1952 3 0 361 2475 2480 2479
1953 3 0 2475 779 2477 2480
1954 3 0 2480 2477 783 2478
1955 3 0 2479 2480 2478 782
1956 3 0 779 2472 2482 2477
1957 3 0 2472 328 1928 2482
1958 3 0 2482 1928 646 2481
1959 3 0 2477 2482 2481 783
1960 3 0 783 2481 2485 2484
1961 3 0 2481 646 1925 2485
1962 3 0 2485 1925 177 2483
1963 3 0 2484 2485 2483 781
1964 3 0 782 2478 2488 2487
1965 3 0 2478 783 2484 2488
1966 3 0 2488 2484 781 2486
1967 3 0 2487 2488 2486 359
1968 3 0 360 2464 2492 2491
1969 3 0 2464 776 2489 2492
1970 3 0 2492 2489 786 2490
1971 3 0 2491 2492 2490 785
1972 3 0 776 2461 2494 2489
1973 3 0 2461 361 2479 2494
1974 3 0 2494 2479 782 2493
1975 3 0 2489 2494 2493 786
1976 3 0 786 2493 2497 2496
1977 3 0 2493 782 2487 2497
1978 3 0 2497 2487 359 2495
1979 3 0 2496 2497 2495 784
1980 3 0 785 2490 2500 2499
1981 3 0 2490 786 2496 2500
1982 3 0 2500 2496 784 2498
1983 3 0 2499 2500 2498 257
1984 3 0 237 1804 2504 2503
1985 3 0 1804 620 2501 2504
1986 3 0 2504 2501 790 2502
1987 3 0 2503 2504 2502 789
1988 3 0 620 1815 2507 2501
1989 3 0 1815 324 2505 2507
1990 3 0 2507 2505 787 2506
1991 3 0 2501 2507 2506 790
1992 3 0 790 2506 2511 2510
1993 3 0 2506 787 2508 2511
1994 3 0 2511 2508 364 2509
1995 3 0 2510 2511 2509 788
1996 3 0 789 2502 2514 2513
1997 3 0 2502 790 2510 2514
1998 3 0 2514 2510 788 2512
1999 3 0 2513 2514 2512 363
2000 3 0 324 1845 2517 2505
2001 3 0 1845 629 2515 2517
2002 3 0 2517 2515 792 2516
2003 3 0 2505 2517 2516 787
2004 3 0 629 1851 2519 2515
2005 3 0 1851 137 138 2519
2006 3 0 2519 138 139 2518
2007 3 0 2515 2519 2518 792
2008 3 0 792 2518 2522 2521
2009 3 0 2518 139 140 2522
2010 3 0 2522 140 141 2520
2011 3 0 2521 2522 2520 791
2012 3 0 787 2516 2524 2508
2013 3 0 2516 792 2521 2524
2014 3 0 2524 2521 791 2523
2015 3 0 2508 2524 2523 364
2016 3 0 364 2523 2528 2527
2017 3 0 2523 791 2525 2528
2018 3 0 2528 2525 795 2526
2019 3 0 2527 2528 2526 794
2020 3 0 791 2520 2530 2525
2021 3 0 2520 141 142 2530
2022 3 0 2530 142 143 2529
2023 3 0 2525 2530 2529 795
2024 3 0 795 2529 2533 2532
2025 3 0 2529 143 144 2533
2026 3 0 2533 144 145 2531
2027 3 0 2532 2533 2531 793
2028 3 0 794 2526 2536 2535
2029 3 0 2526 795 2532 2536
2030 3 0 2536 2532 793 2534
2031 3 0 2535 2536 2534 362
2032 3 0 363 2512 2540 2539
2033 3 0 2512 788 2537 2540
2034 3 0 2540 2537 798 2538
2035 3 0 2539 2540 2538 797
2036 3 0 788 2509 2542 2537
2037 3 0 2509 364 2527 2542
2038 3 0 2542 2527 794 2541
2039 3 0 2537 2542 2541 798
2040 3 0 798 2541 2545 2544
2041 3 0 2541 794 2535 2545
2042 3 0 2545 2535 362 2543
2043 3 0 2544 2545 2543 796
2044 3 0 797 2538 2548 2547
2045 3 0 2538 798 2544 2548
2046 3 0 2548 2544 796 2546
2047 3 0 2547 2548 2546 249
2048 3 0 11 2549 2552 10
2049 3 0 2549 799 2550 2552
2050 3 0 2552 2550 802 2551
2051 3 0 10 2552 2551 9
2052 3 0 799 2553 2556 2550
2053 3 0 2553 365 2554 2556
2054 3 0 2556 2554 800 2555
2055 3 0 2550 2556 2555 802
2056 3 0 802 2555 2560 2559
2057 3 0 2555 800 2557 2560
2058 3 0 2560 2557 366 2558
2059 3 0 2559 2560 2558 801
2060 3 0 9 2551 2562 8
2061 3 0 2551 802 2559 2562
2062 3 0 2562 2559 801 2561
2063 3 0 8 2562 2561 7
2064 3 0 365 2563 2566 2554
2065 3 0 2563 803 2564 2566
2066 3 0 2566 2564 805 2565
2067 3 0 2554 2566 2565 800
2068 3 0 803 2567 2569 2564
2069 3 0 2567 250 1708 2569
2070 3 0 2569 1708 596 2568
2071 3 0 2564 2569 2568 805
2072 3 0 805 2568 2572 2571
2073 3 0 2568 596 1719 2572
2074 3 0 2572 1719 317 2570
2075 3 0 2571 2572 2570 804
2076 3 0 800 2565 2574 2557
2077 3 0 2565 805 2571 2574
2078 3 0 2574 2571 804 2573
2079 3 0 2557 2574 2573 366
2080 3 0 366 2573 2578 2577
2081 3 0 2573 804 2575 2578
2082 3 0 2578 2575 807 2576
2083 3 0 2577 2578 2576 806
2084 3 0 804 2570 2580 2575
2085 3 0 2570 317 1745 2580
2086 3 0 2580 1745 603 2579
2087 3 0 2575 2580 2579 807
2088 3 0 807 2579 2582 2581
2089 3 0 2579 603 1751 2582
2090 3 0 2582 1751 216 217
2091 3 0 2581 2582 217 218
2092 3 0 806 2576 2584 2583
2093 3 0 2576 807 2581 2584
2094 3 0 2584 2581 218 219
2095 3 0 2583 2584 219 220
2096 3 0 7 2561 2587 6
2097 3 0 2561 801 2585 2587
2098 3 0 2587 2585 808 2586
2099 3 0 6 2587 2586 5
2100 3 0 801 2558 2589 2585
2101 3 0 2558 366 2577 2589
2102 3 0 2589 2577 806 2588
2103 3 0 2585 2589 2588 808
2104 3 0 808 2588 2591 2590
2105 3 0 2588 806 2583 2591
2106 3 0 2591 2583 220 221
2107 3 0 2590 2591 221 222
2108 3 0 5 2586 2592 4
2109 3 0 2586 808 2590 2592
2110 3 0 2592 2590 222 223
2111 3 0 4 2592 223 0
2112 3 0 121 2593 2596 120
2113 3 0 2593 809 2594 2596
2114 3 0 2596 2594 812 2595
2115 3 0 120 2596 2595 119
2116 3 0 809 2597 2600 2594
2117 3 0 2597 367 2598 2600
2118 3 0 2600 2598 810 2599
2119 3 0 2594 2600 2599 812
2120 3 0 812 2599 2604 2603
2121 3 0 2599 810 2601 2604
2122 3 0 2604 2601 368 2602
2123 3 0 2603 2604 2602 811
2124 3 0 119 2595 2606 118
2125 3 0 2595 812 2603 2606
2126 3 0 2606 2603 811 2605
2127 3 0 118 2606 2605 117
2128 3 0 367 2607 2610 2598
2129 3 0 2607 813 2608 2610
2130 3 0 2610 2608 815 2609
2131 3 0 2598 2610 2609 810
2132 3 0 813 2611 2613 2608
2133 3 0 2611 251 1660 2613
2134 3 0 2613 1660 584 2612
2135 3 0 2608 2613 2612 815
2136 3 0 815 2612 2616 2615
2137 3 0 2612 584 1671 2616
2138 3 0 2616 1671 314 2614
2139 3 0 2615 2616 2614 814
2140 3 0 810 2609 2618 2601
2141 3 0 2609 815 2615 2618
2142 3 0 2618 2615 814 2617
2143 3 0 2601 2618 2617 368
2144 3 0 368 2617 2622 2621
2145 3 0 2617 814 2619 2622
2146 3 0 2622 2619 817 2620
2147 3 0 2621 2622 2620 816
2148 3 0 814 2614 2624 2619
2149 3 0 2614 314 1697 2624
2150 3 0 2624 1697 591 2623
2151 3 0 2619 2624 2623 817
2152 3 0 817 2623 2626 2625
2153 3 0 2623 591 1703 2626
2154 3 0 2626 1703 106 107
2155 3 0 2625 2626 107 108
2156 3 0 816 2620 2628 2627
2157 3 0 2620 817 2625 2628
2158 3 0 2628 2625 108 109
2159 3 0 2627 2628 109 110
2160 3 0 117 2605 2631 116
2161 3 0 2605 811 2629 2631
2162 3 0 2631 2629 818 2630
2163 3 0 116 2631 2630 115
2164 3 0 811 2602 2633 2629
2165 3 0 2602 368 2621 2633
2166 3 0 2633 2621 816 2632
2167 3 0 2629 2633 2632 818
2168 3 0 818 2632 2635 2634
2169 3 0 2632 816 2627 2635
2170 3 0 2635 2627 110 111
2171 3 0 2634 2635 111 112
2172 3 0 115 2630 2636 114
2173 3 0 2630 818 2634 2636
2174 3 0 2636 2634 112 113
2175 3 0 114 2636 113 2
2176 3 0 90 1573 2639 89
2177 3 0 1573 558 2637 2639
2178 3 0 2639 2637 821 2638
2179 3 0 89 2639 2638 88
2180 3 0 558 1569 2642 2637
2181 3 0 1569 305 2640 2642
2182 3 0 2642 2640 819 2641
2183 3 0 2637 2642 2641 821
2184 3 0 821 2641 2646 2645
2185 3 0 2641 819 2643 2646
2186 3 0 2646 2643 370 2644
2187 3 0 2645 2646 2644 820
2188 3 0 88 2638 2648 87
2189 3 0 2638 821 2645 2648
2190 3 0 2648 2645 820 2647
2191 3 0 87 2648 2647 86
2192 3 0 305 1558 2651 2640
2193 3 0 1558 553 2649 2651
2194 3 0 2651 2649 824 2650
2195 3 0 2640 2651 2650 819
2196 3 0 553 1553 2654 2649
2197 3 0 1553 252 2652 2654
2198 3 0 2654 2652 822 2653
2199 3 0 2649 2654 2653 824
2200 3 0 824 2653 2658 2657
2201 3 0 2653 822 2655 2658
2202 3 0 2658 2655 369 2656
2203 3 0 2657 2658 2656 823
2204 3 0 819 2650 2660 2643
2205 3 0 2650 824 2657 2660
2206 3 0 2660 2657 823 2659
2207 3 0 2643 2660 2659 370
2208 3 0 370 2659 2664 2663
2209 3 0 2659 823 2661 2664
2210 3 0 2664 2661 827 2662
2211 3 0 2663 2664 2662 826
2212 3 0 823 2656 2667 2661
2213 3 0 2656 369 2665 2667
2214 3 0 2667 2665 825 2666
2215 3 0 2661 2667 2666 827
2216 3 0 827 2666 2670 2669
2217 3 0 2666 825 2668 2670
2218 3 0 2670 2668 75 76
2219 3 0 2669 2670 76 77
2220 3 0 826 2662 2672 2671
2221 3 0 2662 827 2669 2672
2222 3 0 2672 2669 77 78
2223 3 0 2671 2672 78 79
2224 3 0 86 2647 2675 85
2225 3 0 2647 820 2673 2675
2226 3 0 2675 2673 828 2674
2227 3 0 85 2675 2674 84
2228 3 0 820 2644 2677 2673
2229 3 0 2644 370 2663 2677
2230 3 0 2677 2663 826 2676
2231 3 0 2673 2677 2676 828
2232 3 0 828 2676 2679 2678
2233 3 0 2676 826 2671 2679
2234 3 0 2679 2671 79 80
2235 3 0 2678 2679 80 81
2236 3 0 84 2674 2680 83
2237 3 0 2674 828 2678 2680
2238 3 0 2680 2678 81 82
2239 3 0 83 2680 82 1
2240 3 0 200 1625 2683 199
2241 3 0 1625 572 2681 2683
2242 3 0 2683 2681 831 2682
2243 3 0 199 2683 2682 198
2244 3 0 572 1621 2686 2681
2245 3 0 1621 309 2684 2686
2246 3 0 2686 2684 829 2685
2247 3 0 2681 2686 2685 831
2248 3 0 831 2685 2690 2689
2249 3 0 2685 829 2687 2690
2250 3 0 2690 2687 372 2688
2251 3 0 2689 2690 2688 830
2252 3 0 198 2682 2692 197
2253 3 0 2682 831 2689 2692
2254 3 0 2692 2689 830 2691
2255 3 0 197 2692 2691 196
2256 3 0 309 1610 2695 2684
2257 3 0 1610 567 2693 2695
2258 3 0 2695 2693 834 2694
2259 3 0 2684 2695 2694 829
2260 3 0 567 1605 2698 2693
2261 3 0 1605 253 2696 2698
2262 3 0 2698 2696 832 2697
2263 3 0 2693 2698 2697 834
2264 3 0 834 2697 2702 2701
2265 3 0 2697 832 2699 2702
2266 3 0 2702 2699 371 2700
2267 3 0 2701 2702 2700 833
2268 3 0 829 2694 2704 2687
2269 3 0 2694 834 2701 2704
2270 3 0 2704 2701 833 2703
2271 3 0 2687 2704 2703 372
2272 3 0 372 2703 2708 2707
2273 3 0 2703 833 2705 2708
2274 3 0 2708 2705 837 2706
2275 3 0 2707 2708 2706 836
2276 3 0 833 2700 2711 2705
2277 3 0 2700 371 2709 2711
2278 3 0 2711 2709 835 2710
2279 3 0 2705 2711 2710 837
2280 3 0 837 2710 2714 2713
2281 3 0 2710 835 2712 2714
2282 3 0 2714 2712 185 186
2283 3 0 2713 2714 186 187
2284 3 0 836 2706 2716 2715
2285 3 0 2706 837 2713 2716
2286 3 0 2716 2713 187 188
2287 3 0 2715 2716 188 189
2288 3 0 196 2691 2719 195
2289 3 0 2691 830 2717 2719
2290 3 0 2719 2717 838 2718
2291 3 0 195 2719 2718 194
2292 3 0 830 2688 2721 2717
2293 3 0 2688 372 2707 2721
2294 3 0 2721 2707 836 2720
2295 3 0 2717 2721 2720 838
2296 3 0 838 2720 2723 2722
2297 3 0 2720 836 2715 2723
2298 3 0 2723 2715 189 190
2299 3 0 2722 2723 190 191
2300 3 0 194 2718 2724 193
2301 3 0 2718 838 2722 2724
2302 3 0 2724 2722 191 192
2303 3 0 193 2724 192 3
2304 3 0 242 1821 2727 2127
2305 3 0 1821 622 2725 2727
2306 3 0 2727 2725 841 2726
2307 3 0 2127 2727 2726 695
2308 3 0 622 1817 2730 2725
2309 3 0 1817 322 2728 2730
2310 3 0 2730 2728 839 2729
2311 3 0 2725 2730 2729 841
2312 3 0 841 2729 2734 2733
2313 3 0 2729 839 2731 2734
2314 3 0 2734 2731 374 2732
2315 3 0 2733 2734 2732 840
2316 3 0 695 2726 2736 2119
2317 3 0 2726 841 2733 2736
2318 3 0 2736 2733 840 2735
2319 3 0 2119 2736 2735 339
2320 3 0 322 1806 2739 2728
2321 3 0 1806 617 2737 2739
2322 3 0 2739 2737 844 2738
2323 3 0 2728 2739 2738 839
2324 3 0 617 1801 2742 2737
2325 3 0 1801 237 2740 2742
2326 3 0 2742 2740 842 2741
2327 3 0 2737 2742 2741 844
2328 3 0 844 2741 2746 2745
2329 3 0 2741 842 2743 2746
2330 3 0 2746 2743 373 2744
2331 3 0 2745 2746 2744 843
2332 3 0 839 2738 2748 2731
2333 3 0 2738 844 2745 2748
2334 3 0 2748 2745 843 2747
2335 3 0 2731 2748 2747 374
2336 3 0 374 2747 2752 2751
2337 3 0 2747 843 2749 2752
2338 3 0 2752 2749 847 2750
2339 3 0 2751 2752 2750 846
2340 3 0 843 2744 2755 2749
2341 3 0 2744 373 2753 2755
2342 3 0 2755 2753 845 2754
2343 3 0 2749 2755 2754 847
2344 3 0 847 2754 2758 2757
2345 3 0 2754 845 2756 2758
2346 3 0 2758 2756 248 1299
2347 3 0 2757 2758 1299 485
2348 3 0 846 2750 2760 2759
2349 3 0 2750 847 2757 2760
2350 3 0 2760 2757 485 1296
2351 3 0 2759 2760 1296 285
2352 3 0 339 2735 2763 2089
2353 3 0 2735 840 2761 2763
2354 3 0 2763 2761 848 2762
2355 3 0 2089 2763 2762 685
2356 3 0 840 2732 2765 2761
2357 3 0 2732 374 2751 2765
2358 3 0 2765 2751 846 2764
2359 3 0 2761 2765 2764 848
2360 3 0 848 2764 2767 2766
2361 3 0 2764 846 2759 2767
2362 3 0 2767 2759 285 1288
2363 3 0 2766 2767 1288 482
2364 3 0 685 2762 2768 2079
2365 3 0 2762 848 2766 2768
2366 3 0 2768 2766 482 1285
2367 3 0 2079 2768 1285 225
2368 3 0 248 2756 2771 1039
2369 3 0 2756 845 2769 2771
2370 3 0 2771 2769 851 2770
2371 3 0 1039 2771 2770 415
2372 3 0 845 2753 2774 2769
2373 3 0 2753 373 2772 2774
2374 3 0 2774 2772 849 2773
2375 3 0 2769 2774 2773 851
2376 3 0 851 2773 2778 2777
2377 3 0 2773 849 2775 2778
2378 3 0 2778 2775 376 2776
2379 3 0 2777 2778 2776 850
2380 3 0 415 2770 2780 1031
2381 3 0 2770 851 2777 2780
2382 3 0 2780 2777 850 2779
2383 3 0 1031 2780 2779 265
2384 3 0 373 2743 2783 2772
2385 3 0 2743 842 2781 2783
2386 3 0 2783 2781 853 2782
2387 3 0 2772 2783 2782 849
2388 3 0 842 2740 2785 2781
2389 3 0 2740 237 2503 2785
2390 3 0 2785 2503 789 2784
2391 3 0 2781 2785 2784 853
2392 3 0 853 2784 2788 2787
2393 3 0 2784 789 2513 2788
2394 3 0 2788 2513 363 2786
2395 3 0 2787 2788 2786 852
2396 3 0 849 2782 2790 2775
2397 3 0 2782 853 2787 2790
2398 3 0 2790 2787 852 2789
2399 3 0 2775 2790 2789 376
2400 3 0 376 2789 2794 2793
2401 3 0 2789 852 2791 2794
2402 3 0 2794 2791 856 2792
2403 3 0 2793 2794 2792 855
2404 3 0 852 2786 2796 2791
2405 3 0 2786 363 2539 2796
2406 3 0 2796 2539 797 2795
2407 3 0 2791 2796 2795 856
2408 3 0 856 2795 2799 2798
2409 3 0 2795 797 2547 2799
2410 3 0 2799 2547 249 2797
2411 3 0 2798 2799 2797 854
2412 3 0 855 2792 2802 2801
2413 3 0 2792 856 2798 2802
2414 3 0 2802 2798 854 2800
2415 3 0 2801 2802 2800 375
2416 3 0 265 2779 2805 999
2417 3 0 2779 850 2803 2805
2418 3 0 2805 2803 858 2804
2419 3 0 999 2805 2804 404
2420 3 0 850 2776 2807 2803
2421 3 0 2776 376 2793 2807
2422 3 0 2807 2793 855 2806
2423 3 0 2803 2807 2806 858
2424 3 0 858 2806 2810 2809
2425 3 0 2806 855 2801 2810
2426 3 0 2810 2801 375 2808
2427 3 0 2809 2810 2808 857
2428 3 0 404 2804 2812 988
2429 3 0 2804 858 2809 2812
2430 3 0 2812 2809 857 2811
2431 3 0 988 2812 2811 227
2432 3 0 236 2237 2815 2313
2433 3 0 2237 722 2813 2815
2434 3 0 2815 2813 861 2814
2435 3 0 2313 2815 2814 741
2436 3 0 722 2233 2818 2813
2437 3 0 2233 345 2816 2818
2438 3 0 2818 2816 859 2817
2439 3 0 2813 2818 2817 861
2440 3 0 861 2817 2822 2821
2441 3 0 2817 859 2819 2822
2442 3 0 2822 2819 378 2820
2443 3 0 2821 2822 2820 860
2444 3 0 741 2814 2824 2317
2445 3 0 2814 861 2821 2824
2446 3 0 2824 2821 860 2823
2447 3 0 2317 2824 2823 351
2448 3 0 345 2222 2827 2816
2449 3 0 2222 717 2825 2827
2450 3 0 2827 2825 864 2826
2451 3 0 2816 2827 2826 859
2452 3 0 717 2217 2830 2825
2453 3 0 2217 261 2828 2830
2454 3 0 2830 2828 862 2829
2455 3 0 2825 2830 2829 864
2456 3 0 864 2829 2834 2833
2457 3 0 2829 862 2831 2834
2458 3 0 2834 2831 377 2832
2459 3 0 2833 2834 2832 863
2460 3 0 859 2826 2836 2819
2461 3 0 2826 864 2833 2836
2462 3 0 2836 2833 863 2835
2463 3 0 2819 2836 2835 378
2464 3 0 378 2835 2840 2839
2465 3 0 2835 863 2837 2840
2466 3 0 2840 2837 867 2838
2467 3 0 2839 2840 2838 866
2468 3 0 863 2832 2843 2837
2469 3 0 2832 377 2841 2843
2470 3 0 2843 2841 865 2842
2471 3 0 2837 2843 2842 867
2472 3 0 867 2842 2846 2845
2473 3 0 2842 865 2844 2846
2474 3 0 2846 2844 145 146
2475 3 0 2845 2846 146 147
2476 3 0 866 2838 2848 2847
2477 3 0 2838 867 2845 2848
2478 3 0 2848 2845 147 148
2479 3 0 2847 2848 148 149
2480 3 0 351 2823 2851 2327
2481 3 0 2823 860 2849 2851
2482 3 0 2851 2849 868 2850
2483 3 0 2327 2851 2850 745
2484 3 0 860 2820 2853 2849
2485 3 0 2820 378 2839 2853
2486 3 0 2853 2839 866 2852
2487 3 0 2849 2853 2852 868
2488 3 0 868 2852 2855 2854
2489 3 0 2852 866 2847 2855
2490 3 0 2855 2847 149 150
2491 3 0 2854 2855 150 151
2492 3 0 745 2850 2856 2331
2493 3 0 2850 868 2854 2856
2494 3 0 2856 2854 151 152
2495 3 0 2331 2856 152 153
2496 3 0 231 2110 2860 2859
2497 3 0 2110 690 2857 2860
2498 3 0 2860 2857 872 2858
2499 3 0 2859 2860 2858 871
2500 3 0 690 2107 2863 2857
2501 3 0 2107 337 2861 2863
2502 3 0 2863 2861 869 2862
2503 3 0 2857 2863 2862 872
2504 3 0 872 2862 2867 2866
2505 3 0 2862 869 2864 2867
2506 3 0 2867 2864 381 2865
2507 3 0 2866 2867 2865 870
2508 3 0 871 2858 2870 2869
2509 3 0 2858 872 2866 2870
2510 3 0 2870 2866 870 2868
2511 3 0 2869 2870 2868 380
2512 3 0 337 2097 2873 2861
2513 3 0 2097 687 2871 2873
2514 3 0 2873 2871 874 2872
2515 3 0 2861 2873 2872 869
2516 3 0 687 2094 2875 2871
2517 3 0 2094 255 1321 2875
2518 3 0 2875 1321 492 2874
2519 3 0 2871 2875 2874 874
2520 3 0 874 2874 2878 2877
2521 3 0 2874 492 1317 2878
2522 3 0 2878 1317 287 2876
2523 3 0 2877 2878 2876 873
2524 3 0 869 2872 2880 2864
2525 3 0 2872 874 2877 2880
2526 3 0 2880 2877 873 2879
2527 3 0 2864 2880 2879 381
2528 3 0 381 2879 2884 2883
2529 3 0 2879 873 2881 2884
2530 3 0 2884 2881 877 2882
2531 3 0 2883 2884 2882 876
2532 3 0 873 2876 2886 2881
2533 3 0 2876 287 1306 2886
2534 3 0 2886 1306 487 2885
2535 3 0 2881 2886 2885 877
2536 3 0 877 2885 2889 2888
2537 3 0 2885 487 1301 2889
2538 3 0 2889 1301 228 2887
2539 3 0 2888 2889 2887 875
2540 3 0 876 2882 2892 2891
2541 3 0 2882 877 2888 2892
2542 3 0 2892 2888 875 2890
2543 3 0 2891 2892 2890 379
2544 3 0 380 2868 2896 2895
2545 3 0 2868 870 2893 2896
2546 3 0 2896 2893 880 2894
2547 3 0 2895 2896 2894 879
2548 3 0 870 2865 2898 2893
2549 3 0 2865 381 2883 2898
2550 3 0 2898 2883 876 2897
2551 3 0 2893 2898 2897 880
2552 3 0 880 2897 2901 2900
2553 3 0 2897 876 2891 2901
2554 3 0 2901 2891 379 2899
2555 3 0 2900 2901 2899 878
2556 3 0 879 2894 2904 2903
2557 3 0 2894 880 2900 2904
2558 3 0 2904 2900 878 2902
2559 3 0 2903 2904 2902 244
2560 3 0 230 1408 2908 2907
2561 3 0 1408 518 2905 2908
2562 3 0 2908 2905 884 2906
2563 3 0 2907 2908 2906 883
2564 3 0 518 1419 2911 2905
2565 3 0 1419 296 2909 2911
2566 3 0 2911 2909 881 2910
2567 3 0 2905 2911 2910 884
2568 3 0 884 2910 2915 2914
2569 3 0 2910 881 2912 2915
2570 3 0 2915 2912 384 2913
2571 3 0 2914 2915 2913 882
2572 3 0 883 2906 2918 2917
2573 3 0 2906 884 2914 2918
2574 3 0 2918 2914 882 2916
2575 3 0 2917 2918 2916 383
2576 3 0 296 1445 2921 2909
2577 3 0 1445 525 2919 2921
2578 3 0 2921 2919 886 2920
2579 3 0 2909 2921 2920 881
2580 3 0 525 1451 2923 2919
2581 3 0 1451 254 1373 2923
2582 3 0 2923 1373 506 2922
2583 3 0 2919 2923 2922 886
2584 3 0 886 2922 2926 2925
2585 3 0 2922 506 1369 2926
2586 3 0 2926 1369 291 2924
2587 3 0 2925 2926 2924 885
2588 3 0 881 2920 2928 2912
2589 3 0 2920 886 2925 2928
2590 3 0 2928 2925 885 2927
2591 3 0 2912 2928 2927 384
2592 3 0 384 2927 2932 2931
2593 3 0 2927 885 2929 2932
2594 3 0 2932 2929 889 2930
2595 3 0 2931 2932 2930 888
2596 3 0 885 2924 2934 2929
2597 3 0 2924 291 1358 2934
2598 3 0 2934 1358 501 2933
2599 3 0 2929 2934 2933 889
2600 3 0 889 2933 2937 2936
2601 3 0 2933 501 1353 2937
2602 3 0 2937 1353 229 2935
2603 3 0 2936 2937 2935 887
2604 3 0 888 2930 2940 2939
2605 3 0 2930 889 2936 2940
2606 3 0 2940 2936 887 2938
2607 3 0 2939 2940 2938 382
2608 3 0 383 2916 2944 2943
2609 3 0 2916 882 2941 2944
2610 3 0 2944 2941 892 2942
2611 3 0 2943 2944 2942 891
2612 3 0 882 2913 2946 2941
2613 3 0 2913 384 2931 2946
2614 3 0 2946 2931 888 2945
2615 3 0 2941 2946 2945 892
2616 3 0 892 2945 2949 2948
2617 3 0 2945 888 2939 2949
2618 3 0 2949 2939 382 2947
2619 3 0 2948 2949 2947 890
2620 3 0 891 2942 2952 2951
2621 3 0 2942 892 2948 2952
2622 3 0 2952 2948 890 2950
2623 3 0 2951 2952 2950 245
2624 3 0 129 1838 2956 2955
2625 3 0 1838 626 2953 2956
2626 3 0 2956 2953 896 2954
2627 3 0 2955 2956 2954 895
2628 3 0 626 1835 2959 2953
2629 3 0 1835 323 2957 2959
2630 3 0 2959 2957 893 2958
2631 3 0 2953 2959 2958 896
2632 3 0 896 2958 2963 2962
2633 3 0 2958 893 2960 2963
2634 3 0 2963 2960 387 2961
2635 3 0 2962 2963 2961 894
2636 3 0 895 2954 2966 2965
2637 3 0 2954 896 2962 2966
2638 3 0 2966 2962 894 2964
2639 3 0 2965 2966 2964 386
2640 3 0 323 1825 2969 2957
2641 3 0 1825 623 2967 2969
2642 3 0 2969 2967 898 2968
2643 3 0 2957 2969 2968 893
2644 3 0 623 1822 2971 2967
2645 3 0 1822 242 2126 2971
2646 3 0 2971 2126 694 2970
2647 3 0 2967 2971 2970 898
2648 3 0 898 2970 2974 2973
2649 3 0 2970 694 2123 2974
2650 3 0 2974 2123 338 2972
2651 3 0 2973 2974 2972 897
2652 3 0 893 2968 2976 2960
2653 3 0 2968 898 2973 2976
2654 3 0 2976 2973 897 2975
2655 3 0 2960 2976 2975 387
2656 3 0 387 2975 2980 2979
2657 3 0 2975 897 2977 2980
2658 3 0 2980 2977 901 2978
2659 3 0 2979 2980 2978 900
2660 3 0 897 2972 2982 2977
2661 3 0 2972 338 2114 2982
2662 3 0 2982 2114 691 2981
2663 3 0 2977 2982 2981 901
2664 3 0 901 2981 2985 2984
2665 3 0 2981 691 2111 2985
2666 3 0 2985 2111 231 2983
2667 3 0 2984 2985 2983 899
2668 3 0 900 2978 2988 2987
2669 3 0 2978 901 2984 2988
2670 3 0 2988 2984 899 2986
2671 3 0 2987 2988 2986 385
2672 3 0 386 2964 2992 2991
2673 3 0 2964 894 2989 2992
2674 3 0 2992 2989 904 2990
2675 3 0 2991 2992 2990 903
2676 3 0 894 2961 2994 2989
2677 3 0 2961 387 2979 2994
2678 3 0 2994 2979 900 2993
2679 3 0 2989 2994 2993 904
2680 3 0 904 2993 2997 2996
2681 3 0 2993 900 2987 2997
2682 3 0 2997 2987 385 2995
2683 3 0 2996 2997 2995 902
2684 3 0 903 2990 3000 2999
2685 3 0 2990 904 2996 3000
2686 3 0 3000 2996 902 2998
2687 3 0 2999 3000 2998 259
2688 3 0 67 68 3003 2387
2689 3 0 68 69 3001 3003
2690 3 0 3003 3001 907 3002
2691 3 0 2387 3003 3002 757
2692 3 0 69 70 3006 3001
2693 3 0 70 71 3004 3006
2694 3 0 3006 3004 905 3005
2695 3 0 3001 3006 3005 907
2696 3 0 907 3005 3010 3009
2697 3 0 3005 905 3007 3010
2698 3 0 3010 3007 389 3008
2699 3 0 3009 3010 3008 906
2700 3 0 757 3002 3012 2390
2701 3 0 3002 907 3009 3012
2702 3 0 3012 3009 906 3011
2703 3 0 2390 3012 3011 353
2704 3 0 71 72 3015 3004
2705 3 0 72 73 3013 3015
2706 3 0 3015 3013 909 3014
2707 3 0 3004 3015 3014 905
2708 3 0 73 74 3017 3013
2709 3 0 74 75 2668 3017
2710 3 0 3017 2668 825 3016
2711 3 0 3013 3017 3016 909
2712 3 0 909 3016 3020 3019
2713 3 0 3016 825 2665 3020
2714 3 0 3020 2665 369 3018
2715 3 0 3019 3020 3018 908
2716 3 0 905 3014 3022 3007
2717 3 0 3014 909 3019 3022
2718 3 0 3022 3019 908 3021
2719 3 0 3007 3022 3021 389
2720 3 0 389 3021 3026 3025
2721 3 0 3021 908 3023 3026
2722 3 0 3026 3023 912 3024
2723 3 0 3025 3026 3024 911
2724 3 0 908 3018 3028 3023
2725 3 0 3018 369 2655 3028
2726 3 0 3028 2655 822 3027
2727 3 0 3023 3028 3027 912
2728 3 0 912 3027 3031 3030
2729 3 0 3027 822 2652 3031
2730 3 0 3031 2652 252 3029
2731 3 0 3030 3031 3029 910
2732 3 0 911 3024 3034 3033
2733 3 0 3024 912 3030 3034
2734 3 0 3034 3030 910 3032
2735 3 0 3033 3034 3032 388
2736 3 0 353 3011 3037 2399
2737 3 0 3011 906 3035 3037
2738 3 0 3037 3035 914 3036
2739 3 0 2399 3037 3036 760
2740 3 0 906 3008 3039 3035
2741 3 0 3008 389 3025 3039
2742 3 0 3039 3025 911 3038
2743 3 0 3035 3039 3038 914
2744 3 0 914 3038 3042 3041
2745 3 0 3038 911 3033 3042
2746 3 0 3042 3033 388 3040
2747 3 0 3041 3042 3040 913
2748 3 0 760 3036 3044 2402
2749 3 0 3036 914 3041 3044
2750 3 0 3044 3041 913 3043
2751 3 0 2402 3044 3043 256
2752 3 0 177 178 3047 2483
2753 3 0 178 179 3045 3047
2754 3 0 3047 3045 917 3046
2755 3 0 2483 3047 3046 781
2756 3 0 179 180 3050 3045
2757 3 0 180 181 3048 3050
2758 3 0 3050 3048 915 3049
2759 3 0 3045 3050 3049 917
2760 3 0 917 3049 3054 3053
2761 3 0 3049 915 3051 3054
2762 3 0 3054 3051 391 3052
2763 3 0 3053 3054 3052 916
2764 3 0 781 3046 3056 2486
2765 3 0 3046 917 3053 3056
2766 3 0 3056 3053 916 3055
2767 3 0 2486 3056 3055 359
2768 3 0 181 182 3059 3048
2769 3 0 182 183 3057 3059
2770 3 0 3059 3057 919 3058
2771 3 0 3048 3059 3058 915
2772 3 0 183 184 3061 3057
2773 3 0 184 185 2712 3061
2774 3 0 3061 2712 835 3060
2775 3 0 3057 3061 3060 919
2776 3 0 919 3060 3064 3063
2777 3 0 3060 835 2709 3064
2778 3 0 3064 2709 371 3062
2779 3 0 3063 3064 3062 918
2780 3 0 915 3058 3066 3051
2781 3 0 3058 919 3063 3066
2782 3 0 3066 3063 918 3065
2783 3 0 3051 3066 3065 391
2784 3 0 391 3065 3070 3069
2785 3 0 3065 918 3067 3070
2786 3 0 3070 3067 922 3068
2787 3 0 3069 3070 3068 921
2788 3 0 918 3062 3072 3067
2789 3 0 3062 371 2699 3072
2790 3 0 3072 2699 832 3071
2791 3 0 3067 3072 3071 922
2792 3 0 922 3071 3075 3074
2793 3 0 3071 832 2696 3075
2794 3 0 3075 2696 253 3073
2795 3 0 3074 3075 3073 920
2796 3 0 921 3068 3078 3077
2797 3 0 3068 922 3074 3078
2798 3 0 3078 3074 920 3076
2799 3 0 3077 3078 3076 390
2800 3 0 359 3055 3081 2495
2801 3 0 3055 916 3079 3081
2802 3 0 3081 3079 924 3080
2803 3 0 2495 3081 3080 784
2804 3 0 916 3052 3083 3079
2805 3 0 3052 391 3069 3083
2806 3 0 3083 3069 921 3082
2807 3 0 3079 3083 3082 924
2808 3 0 924 3082 3086 3085
2809 3 0 3082 921 3077 3086
2810 3 0 3086 3077 390 3084
2811 3 0 3085 3086 3084 923
2812 3 0 784 3080 3088 2498
2813 3 0 3080 924 3085 3088
2814 3 0 3088 3085 923 3087
2815 3 0 2498 3088 3087 257
2816 3 0 244 2902 3091 1603
2817 3 0 2902 878 3089 3091
2818 3 0 3091 3089 927 3090
2819 3 0 1603 3091 3090 565
2820 3 0 878 2899 3094 3089
2821 3 0 2899 379 3092 3094
2822 3 0 3094 3092 925 3093
2823 3 0 3089 3094 3093 927
2824 3 0 927 3093 3098 3097
2825 3 0 3093 925 3095 3098
2826 3 0 3098 3095 392 3096
2827 3 0 3097 3098 3096 926
2828 3 0 565 3090 3100 1595
2829 3 0 3090 927 3097 3100
2830 3 0 3100 3097 926 3099
2831 3 0 1595 3100 3099 307
2832 3 0 379 2890 3103 3092
2833 3 0 2890 875 3101 3103
2834 3 0 3103 3101 929 3102
2835 3 0 3092 3103 3102 925
2836 3 0 875 2887 3105 3101
2837 3 0 2887 228 2359 3105
2838 3 0 3105 2359 753 3104
2839 3 0 3101 3105 3104 929
2840 3 0 929 3104 3108 3107
2841 3 0 3104 753 2369 3108
2842 3 0 3108 2369 354 3106
2843 3 0 3107 3108 3106 928
2844 3 0 925 3102 3110 3095
2845 3 0 3102 929 3107 3110
2846 3 0 3110 3107 928 3109
2847 3 0 3095 3110 3109 392
2848 3 0 392 3109 3114 3113
2849 3 0 3109 928 3111 3114
2850 3 0 3114 3111 931 3112
2851 3 0 3113 3114 3112 930
2852 3 0 928 3106 3116 3111
2853 3 0 3106 354 2395 3116
2854 3 0 3116 2395 761 3115
2855 3 0 3111 3116 3115 931
2856 3 0 931 3115 3118 3117
2857 3 0 3115 761 2403 3118
2858 3 0 3118 2403 256 3043
2859 3 0 3117 3118 3043 913
2860 3 0 930 3112 3120 3119
2861 3 0 3112 931 3117 3120
2862 3 0 3120 3117 913 3040
2863 3 0 3119 3120 3040 388
2864 3 0 307 3099 3123 1567
2865 3 0 3099 926 3121 3123
2866 3 0 3123 3121 932 3122
2867 3 0 1567 3123 3122 556
2868 3 0 926 3096 3125 3121
2869 3 0 3096 392 3113 3125
2870 3 0 3125 3113 930 3124
2871 3 0 3121 3125 3124 932
2872 3 0 932 3124 3127 3126
2873 3 0 3124 930 3119 3127
2874 3 0 3127 3119 388 3032
2875 3 0 3126 3127 3032 910
2876 3 0 556 3122 3128 1556
2877 3 0 3122 932 3126 3128
2878 3 0 3128 3126 910 3029
2879 3 0 1556 3128 3029 252
2880 3 0 245 2950 3131 1655
2881 3 0 2950 890 3129 3131
2882 3 0 3131 3129 935 3130
2883 3 0 1655 3131 3130 579
2884 3 0 890 2947 3134 3129
2885 3 0 2947 382 3132 3134
2886 3 0 3134 3132 933 3133
2887 3 0 3129 3134 3133 935
2888 3 0 935 3133 3138 3137
2889 3 0 3133 933 3135 3138
2890 3 0 3138 3135 393 3136
2891 3 0 3137 3138 3136 934
2892 3 0 579 3130 3140 1647
2893 3 0 3130 935 3137 3140
2894 3 0 3140 3137 934 3139
2895 3 0 1647 3140 3139 311
2896 3 0 382 2938 3143 3132
2897 3 0 2938 887 3141 3143
2898 3 0 3143 3141 937 3142
2899 3 0 3132 3143 3142 933
2900 3 0 887 2935 3145 3141
2901 3 0 2935 229 2455 3145
2902 3 0 3145 2455 777 3144
2903 3 0 3141 3145 3144 937
2904 3 0 937 3144 3148 3147
2905 3 0 3144 777 2465 3148
2906 3 0 3148 2465 360 3146
2907 3 0 3147 3148 3146 936
2908 3 0 933 3142 3150 3135
2909 3 0 3142 937 3147 3150
2910 3 0 3150 3147 936 3149
2911 3 0 3135 3150 3149 393
2912 3 0 393 3149 3154 3153
2913 3 0 3149 936 3151 3154
2914 3 0 3154 3151 939 3152
2915 3 0 3153 3154 3152 938
2916 3 0 936 3146 3156 3151
2917 3 0 3146 360 2491 3156
2918 3 0 3156 2491 785 3155
2919 3 0 3151 3156 3155 939
2920 3 0 939 3155 3158 3157
2921 3 0 3155 785 2499 3158
2922 3 0 3158 2499 257 3087
2923 3 0 3157 3158 3087 923
2924 3 0 938 3152 3160 3159
2925 3 0 3152 939 3157 3160
2926 3 0 3160 3157 923 3084
2927 3 0 3159 3160 3084 390
2928 3 0 311 3139 3163 1619
2929 3 0 3139 934 3161 3163
2930 3 0 3163 3161 940 3162
2931 3 0 1619 3163 3162 570
2932 3 0 934 3136 3165 3161
2933 3 0 3136 393 3153 3165
2934 3 0 3165 3153 938 3164
2935 3 0 3161 3165 3164 940
2936 3 0 940 3164 3167 3166
2937 3 0 3164 938 3159 3167
2938 3 0 3167 3159 390 3076
2939 3 0 3166 3167 3076 920
2940 3 0 570 3162 3168 1608
2941 3 0 3162 940 3166 3168
2942 3 0 3168 3166 920 3073
2943 3 0 1608 3168 3073 253
2944 3 0 19 2440 3171 18
2945 3 0 2440 771 3169 3171
2946 3 0 3171 3169 943 3170
2947 3 0 18 3171 3170 17
2948 3 0 771 2437 3174 3169
2949 3 0 2437 357 3172 3174
2950 3 0 3174 3172 941 3173
2951 3 0 3169 3174 3173 943
2952 3 0 943 3173 3178 3177
2953 3 0 3173 941 3175 3178
2954 3 0 3178 3175 395 3176
2955 3 0 3177 3178 3176 942
2956 3 0 17 3170 3180 16
2957 3 0 3170 943 3177 3180
2958 3 0 3180 3177 942 3179
2959 3 0 16 3180 3179 15
2960 3 0 357 2427 3183 3172
2961 3 0 2427 768 3181 3183
2962 3 0 3183 3181 946 3182
2963 3 0 3172 3183 3182 941
2964 3 0 768 2424 3186 3181
2965 3 0 2424 258 3184 3186
2966 3 0 3186 3184 944 3185
2967 3 0 3181 3186 3185 946
2968 3 0 946 3185 3190 3189
2969 3 0 3185 944 3187 3190
2970 3 0 3190 3187 394 3188
2971 3 0 3189 3190 3188 945
2972 3 0 941 3182 3192 3175
2973 3 0 3182 946 3189 3192
2974 3 0 3192 3189 945 3191
2975 3 0 3175 3192 3191 395
2976 3 0 395 3191 3196 3195
2977 3 0 3191 945 3193 3196
2978 3 0 3196 3193 949 3194
2979 3 0 3195 3196 3194 948
2980 3 0 945 3188 3199 3193
2981 3 0 3188 394 3197 3199
2982 3 0 3199 3197 947 3198
2983 3 0 3193 3199 3198 949
2984 3 0 949 3198 3202 3201
2985 3 0 3198 947 3200 3202
2986 3 0 3202 3200 250 2567
2987 3 0 3201 3202 2567 803
2988 3 0 948 3194 3204 3203
2989 3 0 3194 949 3201 3204
2990 3 0 3204 3201 803 2563
2991 3 0 3203 3204 2563 365
2992 3 0 15 3179 3207 14
2993 3 0 3179 942 3205 3207
2994 3 0 3207 3205 950 3206
2995 3 0 14 3207 3206 13
2996 3 0 942 3176 3209 3205
2997 3 0 3176 395 3195 3209
2998 3 0 3209 3195 948 3208
2999 3 0 3205 3209 3208 950
3000 3 0 950 3208 3211 3210
3001 3 0 3208 948 3203 3211
3002 3 0 3211 3203 365 2553
3003 3 0 3210 3211 2553 799
3004 3 0 13 3206 3212 12
3005 3 0 3206 950 3210 3212
3006 3 0 3212 3210 799 2549
3007 3 0 12 3212 2549 11
3008 3 0 245 1725 3215 2951
3009 3 0 1725 598 3213 3215
3010 3 0 3215 3213 953 3214
3011 3 0 2951 3215 3214 891
3012 3 0 598 1721 3218 3213
3013 3 0 1721 316 3216 3218
3014 3 0 3218 3216 951 3217
3015 3 0 3213 3218 3217 953
3016 3 0 953 3217 3222 3221
3017 3 0 3217 951 3219 3222
3018 3 0 3222 3219 396 3220
3019 3 0 3221 3222 3220 952
3020 3 0 891 3214 3224 2943
3021 3 0 3214 953 3221 3224
3022 3 0 3224 3221 952 3223
3023 3 0 2943 3224 3223 383
3024 3 0 316 1710 3227 3216
3025 3 0 1710 593 3225 3227
3026 3 0 3227 3225 955 3226
3027 3 0 3216 3227 3226 951
3028 3 0 593 1705 3229 3225
3029 3 0 1705 250 3200 3229
3030 3 0 3229 3200 947 3228
3031 3 0 3225 3229 3228 955
3032 3 0 955 3228 3232 3231
3033 3 0 3228 947 3197 3232
3034 3 0 3232 3197 394 3230
3035 3 0 3231 3232 3230 954
3036 3 0 951 3226 3234 3219
3037 3 0 3226 955 3231 3234
3038 3 0 3234 3231 954 3233
3039 3 0 3219 3234 3233 396
3040 3 0 396 3233 3238 3237
3041 3 0 3233 954 3235 3238
3042 3 0 3238 3235 957 3236
3043 3 0 3237 3238 3236 956
3044 3 0 954 3230 3240 3235
3045 3 0 3230 394 3187 3240
3046 3 0 3240 3187 944 3239
3047 3 0 3235 3240 3239 957
3048 3 0 957 3239 3242 3241
3049 3 0 3239 944 3184 3242
3050 3 0 3242 3184 258 2423
3051 3 0 3241 3242 2423 767
3052 3 0 956 3236 3244 3243
3053 3 0 3236 957 3241 3244
3054 3 0 3244 3241 767 2419
3055 3 0 3243 3244 2419 356
3056 3 0 383 3223 3247 2917
3057 3 0 3223 952 3245 3247
3058 3 0 3247 3245 958 3246
3059 3 0 2917 3247 3246 883
3060 3 0 952 3220 3249 3245
3061 3 0 3220 396 3237 3249
3062 3 0 3249 3237 956 3248
3063 3 0 3245 3249 3248 958
3064 3 0 958 3248 3251 3250
3065 3 0 3248 956 3243 3251
3066 3 0 3251 3243 356 2409
3067 3 0 3250 3251 2409 763
3068 3 0 883 3246 3252 2907
3069 3 0 3246 958 3250 3252
3070 3 0 3252 3250 763 2405
3071 3 0 2907 3252 2405 230
3072 3 0 244 1677 3255 2903
3073 3 0 1677 586 3253 3255
3074 3 0 3255 3253 961 3254
3075 3 0 2903 3255 3254 879
3076 3 0 586 1673 3258 3253
3077 3 0 1673 313 3256 3258
3078 3 0 3258 3256 959 3257
3079 3 0 3253 3258 3257 961
3080 3 0 961 3257 3262 3261
3081 3 0 3257 959 3259 3262
3082 3 0 3262 3259 398 3260
3083 3 0 3261 3262 3260 960
3084 3 0 879 3254 3264 2895
3085 3 0 3254 961 3261 3264
3086 3 0 3264 3261 960 3263
3087 3 0 2895 3264 3263 380
3088 3 0 313 1662 3267 3256
3089 3 0 1662 581 3265 3267
3090 3 0 3267 3265 964 3266
3091 3 0 3256 3267 3266 959
3092 3 0 581 1657 3270 3265
3093 3 0 1657 251 3268 3270
3094 3 0 3270 3268 962 3269
3095 3 0 3265 3270 3269 964
3096 3 0 964 3269 3274 3273
3097 3 0 3269 962 3271 3274
3098 3 0 3274 3271 397 3272
3099 3 0 3273 3274 3272 963
3100 3 0 959 3266 3276 3259
3101 3 0 3266 964 3273 3276
3102 3 0 3276 3273 963 3275
3103 3 0 3259 3276 3275 398
3104 3 0 398 3275 3280 3279
3105 3 0 3275 963 3277 3280
3106 3 0 3280 3277 967 3278
3107 3 0 3279 3280 3278 966
3108 3 0 963 3272 3283 3277
3109 3 0 3272 397 3281 3283
3110 3 0 3283 3281 965 3282
3111 3 0 3277 3283 3282 967
3112 3 0 967 3282 3286 3285
3113 3 0 3282 965 3284 3286
3114 3 0 3286 3284 259 2998
3115 3 0 3285 3286 2998 902
3116 3 0 966 3278 3288 3287
3117 3 0 3278 967 3285 3288
3118 3 0 3288 3285 902 2995
3119 3 0 3287 3288 2995 385
3120 3 0 380 3263 3291 2869
3121 3 0 3263 960 3289 3291
3122 3 0 3291 3289 968 3290
3123 3 0 2869 3291 3290 871
3124 3 0 960 3260 3293 3289
3125 3 0 3260 398 3279 3293
3126 3 0 3293 3279 966 3292
3127 3 0 3289 3293 3292 968
3128 3 0 968 3292 3295 3294
3129 3 0 3292 966 3287 3295
3130 3 0 3295 3287 385 2986
3131 3 0 3294 3295 2986 899
3132 3 0 871 3290 3296 2859
3133 3 0 3290 968 3294 3296
3134 3 0 3296 3294 899 2983
3135 3 0 2859 3296 2983 231
3136 3 0 227 2811 3299 2267
3137 3 0 2811 857 3297 3299
3138 3 0 3299 3297 971 3298
3139 3 0 2267 3299 3298 729
3140 3 0 857 2808 3302 3297
3141 3 0 2808 375 3300 3302
3142 3 0 3302 3300 969 3301
3143 3 0 3297 3302 3301 971
3144 3 0 971 3301 3306 3305
3145 3 0 3301 969 3303 3306
3146 3 0 3306 3303 399 3304
3147 3 0 3305 3306 3304 970
3148 3 0 729 3298 3308 2261
3149 3 0 3298 971 3305 3308
3150 3 0 3308 3305 970 3307
3151 3 0 2261 3308 3307 347
3152 3 0 375 2800 3311 3300
3153 3 0 2800 854 3309 3311
3154 3 0 3311 3309 973 3310
3155 3 0 3300 3311 3310 969
3156 3 0 854 2797 3313 3309
3157 3 0 2797 249 2546 3313
3158 3 0 3313 2546 796 3312
3159 3 0 3309 3313 3312 973
3160 3 0 973 3312 3316 3315
3161 3 0 3312 796 2543 3316
3162 3 0 3316 2543 362 3314
3163 3 0 3315 3316 3314 972
3164 3 0 969 3310 3318 3303
3165 3 0 3310 973 3315 3318
3166 3 0 3318 3315 972 3317
3167 3 0 3303 3318 3317 399
3168 3 0 399 3317 3322 3321
3169 3 0 3317 972 3319 3322
3170 3 0 3322 3319 975 3320
3171 3 0 3321 3322 3320 974
3172 3 0 972 3314 3324 3319
3173 3 0 3314 362 2534 3324
3174 3 0 3324 2534 793 3323
3175 3 0 3319 3324 3323 975
3176 3 0 975 3323 3326 3325
3177 3 0 3323 793 2531 3326
3178 3 0 3326 2531 145 2844
3179 3 0 3325 3326 2844 865
3180 3 0 974 3320 3328 3327
3181 3 0 3320 975 3325 3328
3182 3 0 3328 3325 865 2841
3183 3 0 3327 3328 2841 377
3184 3 0 347 3307 3331 2231
3185 3 0 3307 970 3329 3331
3186 3 0 3331 3329 976 3330
3187 3 0 2231 3331 3330 720
3188 3 0 970 3304 3333 3329
3189 3 0 3304 399 3321 3333
3190 3 0 3333 3321 974 3332
3191 3 0 3329 3333 3332 976
3192 3 0 976 3332 3335 3334
3193 3 0 3332 974 3327 3335
3194 3 0 3335 3327 377 2831
3195 3 0 3334 3335 2831 862
3196 3 0 720 3330 3336 2220
3197 3 0 3330 976 3334 3336
3198 3 0 3336 3334 862 2828
3199 3 0 2220 3336 2828 261
3200 3 0 129 2955 3339 128
3201 3 0 2955 895 3337 3339
3202 3 0 3339 3337 979 3338
3203 3 0 128 3339 3338 127
3204 3 0 895 2965 3342 3337
3205 3 0 2965 386 3340 3342
3206 3 0 3342 3340 977 3341
3207 3 0 3337 3342 3341 979
3208 3 0 979 3341 3346 3345
3209 3 0 3341 977 3343 3346
3210 3 0 3346 3343 400 3344
3211 3 0 3345 3346 3344 978
3212 3 0 127 3338 3348 126
3213 3 0 3338 979 3345 3348
3214 3 0 3348 3345 978 3347
3215 3 0 126 3348 3347 125
3216 3 0 386 2991 3351 3340
3217 3 0 2991 903 3349 3351
3218 3 0 3351 3349 981 3350
3219 3 0 3340 3351 3350 977
3220 3 0 903 2999 3353 3349
3221 3 0 2999 259 3284 3353
3222 3 0 3353 3284 965 3352
3223 3 0 3349 3353 3352 981
3224 3 0 981 3352 3356 3355
3225 3 0 3352 965 3281 3356
3226 3 0 3356 3281 397 3354
3227 3 0 3355 3356 3354 980
3228 3 0 977 3350 3358 3343
3229 3 0 3350 981 3355 3358
3230 3 0 3358 3355 980 3357
3231 3 0 3343 3358 3357 400
3232 3 0 400 3357 3362 3361
3233 3 0 3357 980 3359 3362
3234 3 0 3362 3359 983 3360
3235 3 0 3361 3362 3360 982
3236 3 0 980 3354 3364 3359
3237 3 0 3354 397 3271 3364
3238 3 0 3364 3271 962 3363
3239 3 0 3359 3364 3363 983
3240 3 0 983 3363 3366 3365
3241 3 0 3363 962 3268 3366
3242 3 0 3366 3268 251 2611
3243 3 0 3365 3366 2611 813
3244 3 0 982 3360 3368 3367
3245 3 0 3360 983 3365 3368
3246 3 0 3368 3365 813 2607
3247 3 0 3367 3368 2607 367
3248 3 0 125 3347 3371 124
3249 3 0 3347 978 3369 3371
3250 3 0 3371 3369 984 3370
3251 3 0 124 3371 3370 123
3252 3 0 978 3344 3373 3369
3253 3 0 3344 400 3361 3373
3254 3 0 3373 3361 982 3372
3255 3 0 3369 3373 3372 984
3256 3 0 984 3372 3375 3374
3257 3 0 3372 982 3367 3375
3258 3 0 3375 3367 367 2597
3259 3 0 3374 3375 2597 809
3260 3 0 123 3370 3376 122
3261 3 0 3370 984 3374 3376
3262 3 0 3376 3374 809 2593
3263 3 0 122 3376 2593 121
