0 -5.0000 -2.0000 0 0
1 5.0000 -2.0000 0 0
2 5.0000 2.0000 0 0
3 -5.0000 2.0000 0 0
4 -4.8750 -2.0000 0 0
5 -4.7500 -2.0000 0 0
6 -4.6250 -2.0000 0 0
7 -4.5000 -2.0000 0 0
8 -4.3750 -2.0000 0 0
9 -4.2500 -2.0000 0 0
10 -4.1250 -2.0000 0 0
11 -4.0000 -2.0000 0 0
12 -3.8750 -2.0000 0 0
13 -3.7500 -2.0000 0 0
14 -3.6250 -2.0000 0 0
15 -3.5000 -2.0000 0 0
16 -3.3750 -2.0000 0 0
17 -3.2500 -2.0000 0 0
18 -3.1250 -2.0000 0 0
19 -3.0000 -2.0000 0 0
20 -2.8750 -2.0000 0 0
21 -2.7500 -2.0000 0 0
22 -2.6250 -2.0000 0 0
23 -2.5000 -2.0000 0 0
24 -2.3750 -2.0000 0 0
25 -2.2500 -2.0000 0 0
26 -2.1250 -2.0000 0 0
27 -2.0000 -2.0000 0 0
28 -1.8750 -2.0000 0 0
29 -1.7500 -2.0000 0 0
30 -1.6250 -2.0000 0 0
31 -1.5000 -2.0000 0 0
32 -1.3750 -2.0000 0 0
33 -1.2500 -2.0000 0 0
34 -1.1250 -2.0000 0 0
35 -1.0000 -2.0000 0 0
36 -0.8750 -2.0000 0 0
37 -0.7500 -2.0000 0 0
38 -0.6250 -2.0000 0 0
39 -0.5000 -2.0000 0 0
40 -0.3750 -2.0000 0 0
41 -0.2500 -2.0000 0 0
42 -0.1250 -2.0000 0 0
43 -0.0000 -2.0000 0 0
44 0.1250 -2.0000 0 0
45 0.2500 -2.0000 0 0
46 0.3750 -2.0000 0 0
47 0.5000 -2.0000 0 0
48 0.6250 -2.0000 0 0
49 0.7500 -2.0000 0 0
50 0.8750 -2.0000 0 0
51 1.0000 -2.0000 0 0
52 1.1250 -2.0000 0 0
53 1.2500 -2.0000 0 0
54 1.3750 -2.0000 0 0
55 1.5000 -2.0000 0 0
56 1.6250 -2.0000 0 0
57 1.7500 -2.0000 0 0
58 1.8750 -2.0000 0 0
59 2.0000 -2.0000 0 0
60 2.1250 -2.0000 0 0
61 2.2500 -2.0000 0 0
62 2.3750 -2.0000 0 0
63 2.5000 -2.0000 0 0
64 2.6250 -2.0000 0 0
65 2.7500 -2.0000 0 0
66 2.8750 -2.0000 0 0
67 3.0000 -2.0000 0 0
68 3.1250 -2.0000 0 0
69 3.2500 -2.0000 0 0
70 3.3750 -2.0000 0 0
71 3.5000 -2.0000 0 0
72 3.6250 -2.0000 0 0
73 3.7500 -2.0000 0 0
74 3.8750 -2.0000 0 0
75 4.0000 -2.0000 0 0
76 4.1250 -2.0000 0 0
77 4.2500 -2.0000 0 0
78 4.3750 -2.0000 0 0
79 4.5000 -2.0000 0 0
80 4.6250 -2.0000 0 0
81 4.7500 -2.0000 0 0
82 4.8750 -2.0000 0 0
83 5.0000 -1.8750 0 0
84 5.0000 -1.7500 0 0
85 5.0000 -1.6250 0 0
86 5.0000 -1.5000 0 0
87 5.0000 -1.3750 0 0
88 5.0000 -1.2500 0 0
89 5.0000 -1.1250 0 0
90 5.0000 -1.0000 0 0
91 5.0000 -0.8750 0 0
92 5.0000 -0.7500 0 0
93 5.0000 -0.6250 0 0
94 5.0000 -0.5000 0 0
95 5.0000 -0.3750 0 0
96 5.0000 -0.2500 0 0
97 5.0000 -0.1250 0 0
98 5.0000 -0.0000 0 0
99 5.0000 0.1250 0 0
100 5.0000 0.2500 0 0
101 5.0000 0.3750 0 0
102 5.0000 0.5000 0 0
103 5.0000 0.6250 0 0
104 5.0000 0.7500 0 0
105 5.0000 0.8750 0 0
106 5.0000 1.0000 0 0
107 5.0000 1.1250 0 0
108 5.0000 1.2500 0 0
109 5.0000 1.3750 0 0
110 5.0000 1.5000 0 0
111 5.0000 1.6250 0 0
112 5.0000 1.7500 0 0
113 5.0000 1.8750 0 0
114 4.8750 2.0000 0 0
115 4.7500 2.0000 0 0
116 4.6250 2.0000 0 0
117 4.5000 2.0000 0 0
118 4.3750 2.0000 0 0
119 4.2500 2.0000 0 0
120 4.1250 2.0000 0 0
121 4.0000 2.0000 0 0
122 3.8750 2.0000 0 0
123 3.7500 2.0000 0 0
124 3.6250 2.0000 0 0
125 3.5000 2.0000 0 0
126 3.3750 2.0000 0 0
127 3.2500 2.0000 0 0
128 3.1250 2.0000 0 0
129 3.0000 2.0000 0 0
130 2.8750 2.0000 0 0
131 2.7500 2.0000 0 0
132 2.6250 2.0000 0 0
133 2.5000 2.0000 0 0
134 2.3750 2.0000 0 0
135 2.2500 2.0000 0 0
136 2.1250 2.0000 0 0
137 2.0000 2.0000 0 0
138 1.8750 2.0000 0 0
139 1.7500 2.0000 0 0
140 1.6250 2.0000 0 0
141 1.5000 2.0000 0 0
142 1.3750 2.0000 0 0
143 1.2500 2.0000 0 0
144 1.1250 2.0000 0 0
145 1.0000 2.0000 0 0
146 0.8750 2.0000 0 0
147 0.7500 2.0000 0 0
148 0.6250 2.0000 0 0
149 0.5000 2.0000 0 0
150 0.3750 2.0000 0 0
151 0.2500 2.0000 0 0
152 0.1250 2.0000 0 0
153 0.0000 2.0000 0 0
154 -0.1250 2.0000 0 0
155 -0.2500 2.0000 0 0
156 -0.3750 2.0000 0 0
157 -0.5000 2.0000 0 0
158 -0.6250 2.0000 0 0
159 -0.7500 2.0000 0 0
160 -0.8750 2.0000 0 0
161 -1.0000 2.0000 0 0
162 -1.1250 2.0000 0 0
163 -1.2500 2.0000 0 0
164 -1.3750 2.0000 0 0
165 -1.5000 2.0000 0 0
166 -1.6250 2.0000 0 0
167 -1.7500 2.0000 0 0
168 -1.8750 2.0000 0 0
169 -2.0000 2.0000 0 0
170 -2.1250 2.0000 0 0
171 -2.2500 2.0000 0 0
172 -2.3750 2.0000 0 0
173 -2.5000 2.0000 0 0
174 -2.6250 2.0000 0 0
175 -2.7500 2.0000 0 0
176 -2.8750 2.0000 0 0
177 -3.0000 2.0000 0 0
178 -3.1250 2.0000 0 0
179 -3.2500 2.0000 0 0
180 -3.3750 2.0000 0 0
181 -3.5000 2.0000 0 0
182 -3.6250 2.0000 0 0
183 -3.7500 2.0000 0 0
184 -3.8750 2.0000 0 0
185 -4.0000 2.0000 0 0
186 -4.1250 2.0000 0 0
187 -4.2500 2.0000 0 0
188 -4.3750 2.0000 0 0
189 -4.5000 2.0000 0 0
190 -4.6250 2.0000 0 0
191 -4.7500 2.0000 0 0
192 -4.8750 2.0000 0 0
193 -5.0000 1.8750 0 0
194 -5.0000 1.7500 0 0
195 -5.0000 1.6250 0 0
196 -5.0000 1.5000 0 0
197 -5.0000 1.3750 0 0
198 -5.0000 1.2500 0 0
199 -5.0000 1.1250 0 0
200 -5.0000 1.0000 0 0
201 -5.0000 0.8750 0 0
202 -5.0000 0.7500 0 0
203 -5.0000 0.6250 0 0
204 -5.0000 0.5000 0 0
205 -5.0000 0.3750 0 0
206 -5.0000 0.2500 0 0
207 -5.0000 0.1250 0 0
208 -5.0000 0.0000 0 0
209 -5.0000 -0.1250 0 0
210 -5.0000 -0.2500 0 0
211 -5.0000 -0.3750 0 0
212 -5.0000 -0.5000 0 0
213 -5.0000 -0.6250 0 0
214 -5.0000 -0.7500 0 0
215 -5.0000 -0.8750 0 0
216 -5.0000 -1.0000 0 0
217 -5.0000 -1.1250 0 0
218 -5.0000 -1.2500 0 0
219 -5.0000 -1.3750 0 0
220 -5.0000 -1.5000 0 0
221 -5.0000 -1.6250 0 0
222 -5.0000 -1.7500 0 0
223 -5.0000 -1.8750 0 0
224 -2.5686 -0.0026 0 0
225 2.6032 0.0861 0 0
226 -0.7259 -0.0036 0 0
227 1.0843 0.7185 0 0
228 3.3962 -0.5637 0 0
229 -3.4570 0.6550 0 0
230 -3.4769 -0.6833 0 0
231 3.5432 0.6984 0 0
232 1.5560 -0.8113 0 0
233 -1.7844 -0.9865 0 0
234 -1.7902 0.9850 0 0
235 0.1667 -1.1250 0 0
236 0.0833 1.0954 0 0
237 1.9520 1.1305 0 0
238 2.6404 -0.8000 0 0
239 -2.6722 -0.8853 0 0
240 -2.6706 0.8760 0 0
241 -0.8175 -1.0218 0 0
242 2.7329 0.9453 0 0
243 -0.8350 1.0142 0 0
244 4.0895 0.0201 0 0
245 -4.0777 -0.0064 0 0
246 0.4070 -0.0094 0 0
247 -1.7177 -0.0021 0 0
248 1.7911 0.2910 0 0
249 1.3881 1.2405 0 0
250 -4.2114 -1.1946 0 0
251 4.2215 1.1850 0 0
252 4.1603 -1.1046 0 0
253 -4.1626 1.1137 0 0
254 -3.1636 -0.0076 0 0
255 3.1800 0.0585 0 0
256 3.5458 -1.1399 0 0
257 -3.5587 1.1673 0 0
258 -3.5695 -1.2008 0 0
259 3.6016 1.2533 0 0
260 0.8755 -1.3194 0 0
261 0.6800 1.2062 0 0
262 0.7456 0.3545 0 0
263 0.9815 -0.4104 0 0
264 1.6736 -0.2601 0 0
265 1.4377 0.5048 0 0
266 1.2096 0.0472 0 0
267 -1.7510 -0.4943 0 0
268 -2.1432 -0.0023 0 0
269 -2.6204 -0.4439 0 0
270 -2.2283 -0.9359 0 0
271 -2.1857 -0.4691 0 0
272 -1.7540 0.4914 0 0
273 -2.2304 0.9305 0 0
274 -2.6196 0.4367 0 0
275 -2.1868 0.4641 0 0
276 -1.3126 0.9996 0 0
277 -1.2218 -0.0029 0 0
278 -0.7805 0.5053 0 0
279 -1.2672 0.4984 0 0
280 -1.3009 -1.0042 0 0
281 -0.7717 -0.5127 0 0
282 -1.2614 -0.5035 0 0
283 2.0982 -0.8057 0 0
284 2.6218 -0.3569 0 0
285 2.1972 0.1886 0 0
286 2.1477 -0.3085 0 0
287 3.2881 -0.2526 0 0
288 2.8916 0.0723 0 0
289 3.0183 -0.6819 0 0
290 2.9550 -0.3048 0 0
291 -3.3103 0.3237 0 0
292 -2.8661 -0.0051 0 0
293 -3.0638 0.7655 0 0
294 -2.9649 0.3802 0 0
295 -3.0746 -0.7843 0 0
296 -3.3203 -0.3454 0 0
297 -2.9703 -0.3947 0 0
298 -1.8951 1.4925 0 0
299 -0.9175 1.5071 0 0
300 -1.4063 1.4998 0 0
301 1.2158 -1.0654 0 0
302 0.9378 -1.6597 0 0
303 1.7780 -1.4057 0 0
304 1.3579 -1.5327 0 0
305 4.5801 -1.0523 0 0
306 4.5447 0.0101 0 0
307 4.1249 -0.5423 0 0
308 4.5624 -0.5211 0 0
309 -4.5813 1.0569 0 0
310 -4.5388 -0.0032 0 0
311 -4.1202 0.5537 0 0
312 -4.5601 0.5268 0 0
313 4.1555 0.6025 0 0
314 4.6107 1.0925 0 0
315 4.5777 0.5513 0 0
316 -4.1445 -0.6005 0 0
317 -4.6057 -1.0973 0 0
318 -4.5723 -0.5503 0 0
319 -0.9087 -1.5109 0 0
320 -1.8922 -1.4933 0 0
321 -1.4005 -1.5021 0 0
322 2.3424 1.0379 0 0
323 2.8665 1.4727 0 0
324 1.9760 1.5652 0 0
325 2.4212 1.5189 0 0
326 -2.8361 -1.4426 0 0
327 -2.3641 -1.4679 0 0
328 -2.8353 1.4380 0 0
329 -2.3652 1.4653 0 0
330 2.8202 -1.4000 0 0
331 2.2991 -1.4028 0 0
332 0.2868 -0.5672 0 0
333 0.5211 -1.2222 0 0
334 0.7513 -0.8163 0 0
335 0.0833 -1.5625 0 0
336 0.5105 -1.6111 0 0
337 3.3616 0.3785 0 0
338 3.1381 0.8218 0 0
339 2.6681 0.5157 0 0
340 3.0148 0.4471 0 0
341 -0.3254 -1.0734 0 0
342 -0.1595 -0.0065 0 0
343 -0.2424 -0.5399 0 0
344 -0.4127 -1.5367 0 0
345 0.3816 1.1508 0 0
346 0.2451 0.5430 0 0
347 0.8821 0.9623 0 0
348 0.5636 0.7527 0 0
349 -0.3759 1.0548 0 0
350 -0.2677 0.5241 0 0
351 0.0416 1.5477 0 0
352 -0.4379 1.5274 0 0
353 3.2729 -1.5699 0 0
354 3.4710 -0.8518 0 0
355 3.1456 -1.1259 0 0
356 -3.5232 -0.9420 0 0
357 -3.2848 -1.6004 0 0
358 -3.1797 -1.1923 0 0
359 -3.2794 1.5837 0 0
360 -3.5079 0.9111 0 0
361 -3.1716 1.1746 0 0
362 1.1940 1.6202 0 0
363 1.6700 1.1855 0 0
364 1.5850 1.5927 0 0
365 -4.1057 -1.5973 0 0
366 -4.5528 -1.5487 0 0
367 4.1107 1.5925 0 0
368 4.5554 1.5462 0 0
369 4.0801 -1.5523 0 0
370 4.5401 -1.5262 0 0
371 -4.0813 1.5569 0 0
372 -4.5407 1.5284 0 0
373 1.8715 0.7108 0 0
374 2.2698 0.6132 0 0
375 1.2362 0.9795 0 0
376 1.5539 0.8451 0 0
377 0.8400 1.6031 0 0
378 0.4408 1.5754 0 0
379 3.7429 -0.2718 0 0
380 3.8163 0.3592 0 0
381 3.5522 0.0533 0 0
382 -3.7673 0.3243 0 0
383 -3.7773 -0.3448 0 0
384 -3.5438 -0.0106 0 0
385 3.5724 0.9758 0 0
386 3.3008 1.6266 0 0
387 3.2194 1.2242 0 0
388 3.8530 -1.1223 0 0
389 3.6765 -1.5611 0 0
390 -3.8607 1.1405 0 0
391 -3.6803 1.5703 0 0
392 3.7979 -0.6970 0 0
393 -3.8140 0.7324 0 0
394 -3.8904 -1.1977 0 0
395 -3.6952 -1.5989 0 0
396 -3.8339 -0.7713 0 0
397 3.9115 1.2191 0 0
398 3.8639 0.7892 0 0
399 1.0381 1.2913 0 0
400 3.7058 1.6096 0 0
401 0.9150 0.5365 0 0
402 0.9776 0.2009 0 0
403 1.3237 0.2760 0 0
404 1.2610 0.6116 0 0
405 1.1193 0.4062 0 0
406 0.5763 0.1726 0 0
407 0.6942 -0.2099 0 0
408 1.0955 -0.1816 0 0
409 0.8359 -0.0045 0 0
410 1.2687 -0.6108 0 0
411 1.6148 -0.5357 0 0
412 1.4416 -0.1065 0 0
413 1.3552 -0.3587 0 0
414 1.7324 0.0154 0 0
415 1.6144 0.3979 0 0
416 1.5280 0.1457 0 0
417 -1.7677 -0.7404 0 0
418 -1.9684 -0.4817 0 0
419 -2.2070 -0.7025 0 0
420 -2.0063 -0.9612 0 0
421 -1.9874 -0.7215 0 0
422 -1.7344 -0.2482 0 0
423 -1.9304 -0.0022 0 0
424 -2.1644 -0.2357 0 0
425 -1.9494 -0.2420 0 0
426 -2.3559 -0.0025 0 0
427 -2.5945 -0.2233 0 0
428 -2.4031 -0.4565 0 0
429 -2.3795 -0.2295 0 0
430 -2.6463 -0.6646 0 0
431 -2.4502 -0.9106 0 0
432 -2.4266 -0.6835 0 0
433 -2.1650 0.2309 0 0
434 -2.4032 0.4504 0 0
435 -2.5941 0.2171 0 0
436 -2.3795 0.2240 0 0
437 -1.7358 0.2447 0 0
438 -1.9704 0.4778 0 0
439 -1.9504 0.2378 0 0
440 -1.7721 0.7382 0 0
441 -2.0103 0.9578 0 0
442 -2.2086 0.6973 0 0
443 -1.9903 0.7178 0 0
444 -2.4505 0.9033 0 0
445 -2.6451 0.6564 0 0
446 -2.4268 0.6768 0 0
447 -1.0738 1.0069 0 0
448 -1.2899 0.7490 0 0
449 -1.0238 0.5018 0 0
450 -0.8078 0.7598 0 0
451 -1.0488 0.7544 0 0
452 -1.5514 0.9923 0 0
453 -1.5106 0.4949 0 0
454 -1.5310 0.7436 0 0
455 -1.4698 -0.0025 0 0
456 -1.2445 0.2478 0 0
457 -1.4902 0.2462 0 0
458 -0.9738 -0.0032 0 0
459 -0.7532 0.2508 0 0
460 -0.9988 0.2493 0 0
461 -1.5062 -0.4989 0 0
462 -1.2416 -0.2532 0 0
463 -1.4880 -0.2507 0 0
464 -1.5427 -0.9953 0 0
465 -1.2812 -0.7538 0 0
466 -1.5244 -0.7471 0 0
467 -1.0592 -1.0130 0 0
468 -0.7946 -0.7672 0 0
469 -1.0165 -0.5081 0 0
470 -1.0379 -0.7605 0 0
471 -0.7488 -0.2582 0 0
472 -0.9952 -0.2557 0 0
473 1.8271 -0.8085 0 0
474 2.1230 -0.5571 0 0
475 1.9106 -0.2843 0 0
476 1.8689 -0.5464 0 0
477 2.3693 -0.8028 0 0
478 2.6311 -0.5785 0 0
479 2.3848 -0.3327 0 0
480 2.3770 -0.5678 0 0
481 2.6125 -0.1354 0 0
482 2.4002 0.1373 0 0
483 2.1724 -0.0600 0 0
484 2.3925 -0.0977 0 0
485 1.9942 0.2398 0 0
486 1.9524 -0.0223 0 0
487 3.3422 -0.4081 0 0
488 3.1216 -0.2787 0 0
489 2.9867 -0.4933 0 0
490 3.2073 -0.6228 0 0
491 3.1644 -0.4507 0 0
492 3.2341 -0.0970 0 0
493 3.0358 0.0654 0 0
494 2.9233 -0.1162 0 0
495 3.0787 -0.1066 0 0
496 2.7474 0.0792 0 0
497 2.7884 -0.3309 0 0
498 2.7679 -0.1258 0 0
499 2.8294 -0.7409 0 0
500 2.8089 -0.5359 0 0
501 -3.3836 0.4893 0 0
502 -3.1376 0.3520 0 0
503 -3.0144 0.5729 0 0
504 -3.2604 0.7102 0 0
505 -3.1990 0.5311 0 0
506 -3.2369 0.1581 0 0
507 -3.0148 -0.0063 0 0
508 -2.9155 0.1876 0 0
509 -3.0762 0.1728 0 0
510 -2.7174 -0.0038 0 0
511 -2.7923 0.4085 0 0
512 -2.7548 0.2023 0 0
513 -2.8672 0.8208 0 0
514 -2.8297 0.6146 0 0
515 -3.2757 -0.7338 0 0
516 -3.0224 -0.5895 0 0
517 -3.1453 -0.3700 0 0
518 -3.3986 -0.5143 0 0
519 -3.2105 -0.5519 0 0
520 -2.8734 -0.8348 0 0
521 -2.7954 -0.4193 0 0
522 -2.8344 -0.6270 0 0
523 -2.9182 -0.1999 0 0
524 -2.7564 -0.2116 0 0
525 -3.2419 -0.1765 0 0
526 -3.0801 -0.1882 0 0
527 -1.9476 1.7462 0 0
528 -1.6507 1.4961 0 0
529 -1.4532 1.7499 0 0
530 -1.7004 1.7481 0 0
531 -1.8427 1.2387 0 0
532 -1.3595 1.2497 0 0
533 -1.6011 1.2442 0 0
534 -0.8763 1.2607 0 0
535 -1.1619 1.5035 0 0
536 -1.1179 1.2552 0 0
537 -0.9588 1.7536 0 0
538 -1.2060 1.7517 0 0
539 1.3859 -0.9383 0 0
540 1.2868 -1.2990 0 0
541 1.5679 -1.4692 0 0
542 1.6670 -1.1085 0 0
543 1.4769 -1.2038 0 0
544 1.0456 -1.1924 0 0
545 0.9066 -1.4896 0 0
546 1.1478 -1.5962 0 0
547 1.0967 -1.3943 0 0
548 0.9689 -1.8299 0 0
549 1.4289 -1.7663 0 0
550 1.1989 -1.7981 0 0
551 1.8890 -1.7028 0 0
552 1.6590 -1.7346 0 0
553 4.3702 -1.0785 0 0
554 4.5713 -0.7867 0 0
555 4.3437 -0.5317 0 0
556 4.1426 -0.8234 0 0
557 4.3569 -0.8051 0 0
558 4.7901 -1.0262 0 0
559 4.7812 -0.5106 0 0
560 4.7856 -0.7684 0 0
561 4.7724 0.0050 0 0
562 4.5536 -0.2555 0 0
563 4.7768 -0.2528 0 0
564 4.3171 0.0151 0 0
565 4.1072 -0.2611 0 0
566 4.3304 -0.2583 0 0
567 -4.3720 1.0853 0 0
568 -4.5707 0.7918 0 0
569 -4.3401 0.5402 0 0
570 -4.1414 0.8337 0 0
571 -4.3561 0.8128 0 0
572 -4.7907 1.0284 0 0
573 -4.7800 0.5134 0 0
574 -4.7854 0.7709 0 0
575 -4.7694 -0.0016 0 0
576 -4.5495 0.2618 0 0
577 -4.7747 0.2559 0 0
578 -4.3083 -0.0048 0 0
579 -4.0989 0.2736 0 0
580 -4.3242 0.2677 0 0
581 4.1885 0.8937 0 0
582 4.3666 0.5769 0 0
583 4.5942 0.8219 0 0
584 4.4161 1.1387 0 0
585 4.3914 0.8578 0 0
586 4.1225 0.3113 0 0
587 4.5612 0.2807 0 0
588 4.3419 0.2960 0 0
589 4.7889 0.5256 0 0
590 4.7806 0.2653 0 0
591 4.8054 1.0462 0 0
592 4.7971 0.7859 0 0
593 -4.1780 -0.8976 0 0
594 -4.3584 -0.5754 0 0
595 -4.5890 -0.8238 0 0
596 -4.4085 -1.1460 0 0
597 -4.3835 -0.8607 0 0
598 -4.1111 -0.3035 0 0
599 -4.5556 -0.2767 0 0
600 -4.3333 -0.2901 0 0
601 -4.7861 -0.5251 0 0
602 -4.7778 -0.2634 0 0
603 -4.8028 -1.0487 0 0
604 -4.7945 -0.7869 0 0
605 -1.4502 -1.7510 0 0
606 -1.6463 -1.4977 0 0
607 -1.9461 -1.7466 0 0
608 -1.6982 -1.7488 0 0
609 -0.9544 -1.7554 0 0
610 -1.1546 -1.5065 0 0
611 -1.2023 -1.7532 0 0
612 -0.8631 -1.2663 0 0
613 -1.3507 -1.2531 0 0
614 -1.1069 -1.2597 0 0
615 -1.8383 -1.2399 0 0
616 -1.5945 -1.2465 0 0
617 2.1472 1.0842 0 0
618 2.3818 1.2784 0 0
619 2.1986 1.5421 0 0
620 1.9640 1.3479 0 0
621 2.1729 1.3131 0 0
622 2.5377 0.9916 0 0
623 2.7997 1.2090 0 0
624 2.6438 1.4958 0 0
625 2.5908 1.2437 0 0
626 2.9332 1.7363 0 0
627 2.4606 1.7595 0 0
628 2.6969 1.7479 0 0
629 1.9880 1.7826 0 0
630 2.2243 1.7710 0 0
631 -2.2962 -1.2019 0 0
632 -2.1282 -1.4806 0 0
633 -2.0672 -1.2209 0 0
634 -2.7541 -1.1639 0 0
635 -2.6001 -1.4553 0 0
636 -2.5252 -1.1829 0 0
637 -2.9180 -1.7213 0 0
638 -2.4321 -1.7340 0 0
639 -2.6751 -1.7276 0 0
640 -2.1891 -1.7403 0 0
641 -2.1302 1.4789 0 0
642 -2.2978 1.1979 0 0
643 -2.0702 1.2183 0 0
644 -2.4326 1.7326 0 0
645 -2.1901 1.7394 0 0
646 -2.9176 1.7190 0 0
647 -2.6002 1.4516 0 0
648 -2.6751 1.7258 0 0
649 -2.7529 1.1570 0 0
650 -2.5254 1.1775 0 0
651 2.0386 -1.4042 0 0
652 2.1987 -1.1042 0 0
653 1.9328 -1.1064 0 0
654 2.3996 -1.7014 0 0
655 2.1443 -1.7021 0 0
656 2.9101 -1.7000 0 0
657 2.5597 -1.4014 0 0
658 2.6548 -1.7007 0 0
659 2.7303 -1.1000 0 0
660 2.4645 -1.1021 0 0
661 0.3469 -0.2883 0 0
662 0.5191 -0.6917 0 0
663 0.8664 -0.6133 0 0
664 0.6067 -0.4508 0 0
665 0.2267 -0.8461 0 0
666 0.3439 -1.1736 0 0
667 0.6362 -1.0192 0 0
668 0.4315 -0.9327 0 0
669 0.6983 -1.2708 0 0
670 0.9835 -0.9408 0 0
671 0.8409 -1.1058 0 0
672 1.1261 -0.7758 0 0
673 0.1250 -1.3437 0 0
674 0.2969 -1.5868 0 0
675 0.5158 -1.4166 0 0
676 0.3204 -1.3802 0 0
677 0.0417 -1.7812 0 0
678 0.5053 -1.8055 0 0
679 0.2735 -1.7934 0 0
680 0.7242 -1.6354 0 0
681 0.7371 -1.8177 0 0
682 0.7112 -1.4531 0 0
683 2.9532 0.2597 0 0
684 2.8415 0.4814 0 0
685 2.6357 0.3009 0 0
686 2.7944 0.2803 0 0
687 3.2708 0.2185 0 0
688 3.1882 0.4128 0 0
689 3.1120 0.2391 0 0
690 3.4524 0.5384 0 0
691 3.3406 0.7601 0 0
692 3.0765 0.6345 0 0
693 3.2644 0.5864 0 0
694 2.9355 0.8836 0 0
695 2.7005 0.7305 0 0
696 2.8885 0.6825 0 0
697 -0.5715 -1.0476 0 0
698 -0.2839 -0.8067 0 0
699 -0.5071 -0.5263 0 0
700 -0.5393 -0.7870 0 0
701 -0.0794 -1.0992 0 0
702 0.0222 -0.5536 0 0
703 -0.0286 -0.8264 0 0
704 0.1238 -0.0080 0 0
705 -0.2009 -0.2732 0 0
706 0.0730 -0.2808 0 0
707 -0.4427 -0.0051 0 0
708 -0.4749 -0.2657 0 0
709 -0.3691 -1.3050 0 0
710 -0.1647 -1.5496 0 0
711 -0.1220 -1.3244 0 0
712 -0.6607 -1.5238 0 0
713 -0.6161 -1.2857 0 0
714 -0.4564 -1.7683 0 0
715 -0.7054 -1.7619 0 0
716 -0.2073 -1.7748 0 0
717 0.5308 1.1785 0 0
718 0.4726 0.9517 0 0
719 0.7229 0.8575 0 0
720 0.7811 1.0842 0 0
721 0.6268 1.0180 0 0
722 0.2324 1.1231 0 0
723 0.1642 0.8192 0 0
724 0.4044 0.6478 0 0
725 0.3184 0.8855 0 0
726 0.3261 0.2668 0 0
727 0.6546 0.5536 0 0
728 0.4903 0.4102 0 0
729 0.9832 0.8404 0 0
730 0.8189 0.6970 0 0
731 -0.5241 0.5147 0 0
732 -0.3218 0.7895 0 0
733 -0.6055 1.0345 0 0
734 -0.5648 0.7746 0 0
735 -0.2136 0.2588 0 0
736 -0.4834 0.2548 0 0
737 -0.0113 0.5336 0 0
738 0.0562 0.2628 0 0
739 -0.1463 1.0751 0 0
740 -0.0788 0.8043 0 0
741 0.0624 1.3215 0 0
742 -0.1982 1.5376 0 0
743 -0.4069 1.2911 0 0
744 -0.1722 1.3063 0 0
745 0.0208 1.7738 0 0
746 -0.4690 1.7637 0 0
747 -0.2241 1.7688 0 0
748 -0.6777 1.5173 0 0
749 -0.7139 1.7586 0 0
750 -0.6416 1.2759 0 0
751 3.0820 -0.9039 0 0
752 3.3083 -0.9888 0 0
753 3.4336 -0.7078 0 0
754 3.2578 -0.8058 0 0
755 2.9829 -1.2629 0 0
756 2.9061 -1.0019 0 0
757 3.1365 -1.7850 0 0
758 3.2093 -1.3479 0 0
759 3.0597 -1.5240 0 0
760 3.4094 -1.3549 0 0
761 3.5084 -0.9958 0 0
762 3.3588 -1.1719 0 0
763 -3.5001 -0.8126 0 0
764 -3.3514 -1.0672 0 0
765 -3.1271 -0.9883 0 0
766 -3.3136 -0.9005 0 0
767 -3.5464 -1.0714 0 0
768 -3.4271 -1.4006 0 0
769 -3.2322 -1.3964 0 0
770 -3.3893 -1.2339 0 0
771 -3.1424 -1.8002 0 0
772 -3.0079 -1.3175 0 0
773 -3.0751 -1.5588 0 0
774 -2.9406 -1.0761 0 0
775 -3.1177 0.9700 0 0
776 -3.3397 1.0429 0 0
777 -3.4824 0.7830 0 0
778 -3.3000 0.8765 0 0
779 -3.0034 1.3063 0 0
780 -2.9353 1.0635 0 0
781 -3.1397 1.7918 0 0
782 -3.2255 1.3791 0 0
783 -3.0716 1.5491 0 0
784 -3.4191 1.3755 0 0
785 -3.5333 1.0392 0 0
786 -3.3794 1.2092 0 0
787 1.7805 1.5790 0 0
788 1.6275 1.3891 0 0
789 1.8110 1.1580 0 0
790 1.7957 1.3685 0 0
791 1.5425 1.7964 0 0
792 1.7652 1.7895 0 0
793 1.0970 1.8101 0 0
794 1.3895 1.6065 0 0
795 1.3198 1.8032 0 0
796 1.2911 1.4303 0 0
797 1.5290 1.2130 0 0
798 1.4593 1.4097 0 0
799 -4.0528 -1.7987 0 0
800 -4.3293 -1.5730 0 0
801 -4.5264 -1.7743 0 0
802 -4.2896 -1.7865 0 0
803 -4.1585 -1.3960 0 0
804 -4.5793 -1.3230 0 0
805 -4.3689 -1.3595 0 0
806 -4.7764 -1.5243 0 0
807 -4.7896 -1.2865 0 0
808 -4.7632 -1.7622 0 0
809 4.0554 1.7962 0 0
810 4.3331 1.5694 0 0
811 4.5277 1.7731 0 0
812 4.2915 1.7847 0 0
813 4.1661 1.3887 0 0
814 4.5831 1.3194 0 0
815 4.3746 1.3540 0 0
816 4.7777 1.5231 0 0
817 4.7915 1.2847 0 0
818 4.7638 1.7616 0 0
819 4.5601 -1.2892 0 0
820 4.7700 -1.5131 0 0
821 4.7800 -1.2696 0 0
822 4.1202 -1.3285 0 0
823 4.3101 -1.5392 0 0
824 4.3401 -1.3089 0 0
825 4.0401 -1.7762 0 0
826 4.5200 -1.7631 0 0
827 4.2800 -1.7696 0 0
828 4.7600 -1.7565 0 0
829 -4.5610 1.2926 0 0
830 -4.7703 1.5142 0 0
831 -4.7805 1.2713 0 0
832 -4.1220 1.3353 0 0
833 -4.3110 1.5426 0 0
834 -4.3415 1.3140 0 0
835 -4.0407 1.7784 0 0
836 -4.5203 1.7642 0 0
837 -4.2805 1.7713 0 0
838 -4.7602 1.7571 0 0
839 2.3061 0.8256 0 0
840 2.4690 0.5645 0 0
841 2.5033 0.7780 0 0
842 1.9118 0.9206 0 0
843 2.0707 0.6620 0 0
844 2.1089 0.8731 0 0
845 1.8313 0.5009 0 0
846 2.2335 0.4009 0 0
847 2.0324 0.4509 0 0
848 2.4346 0.3509 0 0
849 1.7127 0.7779 0 0
850 1.4958 0.6749 0 0
851 1.6636 0.5879 0 0
852 1.6119 1.0153 0 0
853 1.7618 0.9680 0 0
854 1.3121 1.1100 0 0
855 1.3950 0.9123 0 0
856 1.4620 1.0626 0 0
857 1.1602 0.8490 0 0
858 1.3280 0.7620 0 0
859 0.4112 1.3631 0 0
860 0.2412 1.5615 0 0
861 0.2368 1.3423 0 0
862 0.7600 1.4046 0 0
863 0.6404 1.5892 0 0
864 0.5856 1.3839 0 0
865 0.9200 1.8015 0 0
866 0.4704 1.7877 0 0
867 0.6952 1.7946 0 0
868 0.2456 1.7808 0 0
869 3.4569 0.2159 0 0
870 3.6843 0.2063 0 0
871 3.6798 0.5288 0 0
872 3.5683 0.3723 0 0
873 3.4202 -0.0996 0 0
874 3.3455 0.0594 0 0
875 3.5695 -0.4178 0 0
876 3.6475 -0.1092 0 0
877 3.4949 -0.2587 0 0
878 3.9162 -0.1258 0 0
879 3.9529 0.1897 0 0
880 3.8002 0.0402 0 0
881 -3.4320 -0.1780 0 0
882 -3.6606 -0.1777 0 0
883 -3.6271 -0.5140 0 0
884 -3.5296 -0.3460 0 0
885 -3.4270 0.1566 0 0
886 -3.3345 -0.0100 0 0
887 -3.6121 0.4896 0 0
888 -3.6556 0.1569 0 0
889 -3.5196 0.3231 0 0
890 -3.9225 0.1589 0 0
891 -3.9275 -0.1756 0 0
892 -3.7915 -0.0094 0 0
893 3.0429 1.3484 0 0
894 3.2601 1.4254 0 0
895 3.1504 1.8133 0 0
896 3.0967 1.5809 0 0
897 3.1787 1.0230 0 0
898 2.9892 1.1160 0 0
899 3.5578 0.8371 0 0
900 3.3959 1.1000 0 0
901 3.3683 0.9301 0 0
902 3.5870 1.1145 0 0
903 3.4512 1.4399 0 0
904 3.4235 1.2700 0 0
905 3.5883 -1.7806 0 0
906 3.4747 -1.5655 0 0
907 3.3624 -1.7828 0 0
908 3.8783 -1.5567 0 0
909 3.8142 -1.7784 0 0
910 4.0067 -1.1134 0 0
911 3.7648 -1.3417 0 0
912 3.9425 -1.3351 0 0
913 3.6994 -1.1311 0 0
914 3.5871 -1.3483 0 0
915 -3.5902 1.7851 0 0
916 -3.4799 1.5770 0 0
917 -3.3649 1.7885 0 0
918 -3.8808 1.5636 0 0
919 -3.8154 1.7818 0 0
920 -4.0117 1.1271 0 0
921 -3.7705 1.3554 0 0
922 -3.9462 1.3453 0 0
923 -3.7097 1.1539 0 0
924 -3.5948 1.3654 0 0
925 3.7704 -0.4844 0 0
926 3.9614 -0.6196 0 0
927 3.9388 -0.3727 0 0
928 3.6345 -0.7744 0 0
929 3.6020 -0.5961 0 0
930 3.8255 -0.9096 0 0
931 3.6670 -0.9527 0 0
932 3.9840 -0.8665 0 0
933 -3.7907 0.5283 0 0
934 -3.9671 0.6430 0 0
935 -3.9448 0.4010 0 0
936 -3.6609 0.8218 0 0
937 -3.6365 0.6557 0 0
938 -3.8374 0.9365 0 0
939 -3.6853 0.9878 0 0
940 -3.9894 0.8851 0 0
941 -3.4900 -1.5996 0 0
942 -3.5976 -1.7994 0 0
943 -3.3700 -1.7998 0 0
944 -3.7300 -1.1993 0 0
945 -3.7928 -1.3983 0 0
946 -3.6100 -1.3994 0 0
947 -4.0509 -1.1962 0 0
948 -3.9005 -1.5981 0 0
949 -3.9757 -1.3971 0 0
950 -3.8252 -1.7990 0 0
951 -3.9892 -0.6859 0 0
952 -3.8056 -0.5581 0 0
953 -3.9584 -0.4308 0 0
954 -3.8622 -0.9845 0 0
955 -4.0201 -0.9410 0 0
956 -3.6785 -0.8567 0 0
957 -3.7043 -1.0280 0 0
958 -3.6528 -0.6853 0 0
959 4.0097 0.6959 0 0
960 3.8401 0.5742 0 0
961 3.9813 0.4428 0 0
962 4.0665 1.2020 0 0
963 3.8877 1.0041 0 0
964 4.0381 0.9489 0 0
965 3.7566 1.2362 0 0
966 3.7182 0.8825 0 0
967 3.7374 1.0593 0 0
968 3.6990 0.7057 0 0
969 1.1371 1.1354 0 0
970 0.9601 1.1268 0 0
971 1.0602 0.9879 0 0
972 1.1161 1.4558 0 0
973 1.2141 1.2829 0 0
974 0.9390 1.4472 0 0
975 1.0180 1.6286 0 0
976 0.8600 1.2657 0 0
977 3.5033 1.6181 0 0
978 3.6029 1.8048 0 0
979 3.3766 1.8090 0 0
980 3.8086 1.4143 0 0
981 3.6299 1.4271 0 0
982 3.9083 1.6010 0 0
983 3.9874 1.4015 0 0
984 3.8291 1.8005 0 0
985 0.9996 0.6275 0 0
986 1.0171 0.4714 0 0
987 1.1901 0.5089 0 0
988 1.1726 0.6650 0 0
989 1.0949 0.5682 0 0
990 0.8303 0.4455 0 0
991 0.8616 0.2777 0 0
992 1.0485 0.3036 0 0
993 0.9394 0.3745 0 0
994 1.0936 0.1240 0 0
995 1.2666 0.1616 0 0
996 1.2215 0.3411 0 0
997 1.1575 0.2326 0 0
998 1.3807 0.3904 0 0
999 1.3494 0.5582 0 0
1000 1.2854 0.4497 0 0
1001 0.6610 0.2636 0 0
1002 0.7061 0.0840 0 0
1003 0.9068 0.0982 0 0
1004 0.7839 0.1809 0 0
1005 0.4917 0.0816 0 0
1006 0.5506 -0.1096 0 0
1007 0.7651 -0.1072 0 0
1008 0.6284 -0.0128 0 0
1009 0.8379 -0.3101 0 0
1010 1.0385 -0.2960 0 0
1011 0.9657 -0.0930 0 0
1012 0.9018 -0.2016 0 0
1013 1.1526 -0.0672 0 0
1014 1.0297 0.0155 0 0
1015 1.2254 -0.2701 0 0
1016 1.3984 -0.2326 0 0
1017 1.3256 -0.0296 0 0
1018 1.2755 -0.1499 0 0
1019 1.1251 -0.5106 0 0
1020 1.3120 -0.4847 0 0
1021 1.1752 -0.3904 0 0
1022 1.4124 -0.7111 0 0
1023 1.5854 -0.6735 0 0
1024 1.4850 -0.4472 0 0
1025 1.4487 -0.5791 0 0
1026 1.6442 -0.3979 0 0
1027 1.5576 -0.1833 0 0
1028 1.5213 -0.3153 0 0
1029 1.4258 0.2108 0 0
1030 1.5712 0.2718 0 0
1031 1.5261 0.4513 0 0
1032 1.4759 0.3311 0 0
1033 1.4848 0.0196 0 0
1034 1.3757 0.0906 0 0
1035 1.7030 -0.1223 0 0
1036 1.6302 0.0806 0 0
1037 1.5939 -0.0514 0 0
1038 1.7618 0.1532 0 0
1039 1.7028 0.3445 0 0
1040 1.6665 0.2125 0 0
1041 -1.7760 -0.8635 0 0
1042 -1.8775 -0.7309 0 0
1043 -1.9968 -0.8413 0 0
1044 -1.8954 -0.9739 0 0
1045 -1.8864 -0.8524 0 0
1046 -1.7594 -0.6174 0 0
1047 -1.8597 -0.4880 0 0
1048 -1.9779 -0.6016 0 0
1049 -1.8686 -0.6095 0 0
1050 -2.0771 -0.4754 0 0
1051 -2.1964 -0.5858 0 0
1052 -2.0972 -0.7120 0 0
1053 -2.0871 -0.5937 0 0
1054 -2.2176 -0.8192 0 0
1055 -2.1173 -0.9486 0 0
1056 -2.1072 -0.8303 0 0
1057 -1.7427 -0.3713 0 0
1058 -1.8419 -0.2451 0 0
1059 -1.9589 -0.3618 0 0
1060 -1.8508 -0.3666 0 0
1061 -1.7260 -0.1252 0 0
1062 -1.8241 -0.0022 0 0
1063 -1.9399 -0.1221 0 0
1064 -1.8330 -0.1236 0 0
1065 -2.0368 -0.0023 0 0
1066 -2.1538 -0.1190 0 0
1067 -2.0569 -0.2389 0 0
1068 -2.0469 -0.1206 0 0
1069 -2.1751 -0.3524 0 0
1070 -2.0670 -0.3571 0 0
1071 -2.2720 -0.2326 0 0
1072 -2.3913 -0.3430 0 0
1073 -2.2944 -0.4628 0 0
1074 -2.2832 -0.3477 0 0
1075 -2.2495 -0.0024 0 0
1076 -2.3677 -0.1160 0 0
1077 -2.2607 -0.1175 0 0
1078 -2.4622 -0.0025 0 0
1079 -2.5816 -0.1129 0 0
1080 -2.4870 -0.2264 0 0
1081 -2.4746 -0.1145 0 0
1082 -2.6075 -0.3336 0 0
1083 -2.5117 -0.4502 0 0
1084 -2.4994 -0.3383 0 0
1085 -2.3168 -0.6930 0 0
1086 -2.4384 -0.7971 0 0
1087 -2.3393 -0.9232 0 0
1088 -2.3280 -0.8081 0 0
1089 -2.4149 -0.5700 0 0
1090 -2.3056 -0.5779 0 0
1091 -2.6333 -0.5543 0 0
1092 -2.5365 -0.6741 0 0
1093 -2.5241 -0.5621 0 0
1094 -2.6592 -0.7749 0 0
1095 -2.5612 -0.8979 0 0
1096 -2.5488 -0.7860 0 0
1097 -2.3677 0.1107 0 0
1098 -2.4868 0.2205 0 0
1099 -2.5814 0.1072 0 0
1100 -2.4745 0.1090 0 0
1101 -2.1541 0.1143 0 0
1102 -2.2723 0.2274 0 0
1103 -2.2609 0.1125 0 0
1104 -2.1759 0.3475 0 0
1105 -2.2950 0.4572 0 0
1106 -2.3914 0.3372 0 0
1107 -2.2836 0.3423 0 0
1108 -2.5114 0.4436 0 0
1109 -2.6069 0.3269 0 0
1110 -2.4991 0.3320 0 0
1111 -1.9404 0.1178 0 0
1112 -2.0577 0.2343 0 0
1113 -2.0472 0.1160 0 0
1114 -1.7268 0.1213 0 0
1115 -1.8431 0.2412 0 0
1116 -1.8336 0.1195 0 0
1117 -1.7449 0.3681 0 0
1118 -1.8622 0.4846 0 0
1119 -1.9604 0.3578 0 0
1120 -1.8526 0.3629 0 0
1121 -2.0786 0.4709 0 0
1122 -2.0681 0.3526 0 0
1123 -1.9804 0.5978 0 0
1124 -2.0995 0.7075 0 0
1125 -2.1977 0.5807 0 0
1126 -2.0890 0.5892 0 0
1127 -1.7630 0.6148 0 0
1128 -1.8812 0.7280 0 0
1129 -1.8717 0.6063 0 0
1130 -1.7812 0.8616 0 0
1131 -1.9003 0.9714 0 0
1132 -2.0003 0.8378 0 0
1133 -1.8907 0.8497 0 0
1134 -2.1204 0.9441 0 0
1135 -2.2195 0.8139 0 0
1136 -2.1099 0.8258 0 0
1137 -2.4150 0.5636 0 0
1138 -2.5360 0.6666 0 0
1139 -2.6323 0.5466 0 0
1140 -2.5237 0.5551 0 0
1141 -2.3177 0.6871 0 0
1142 -2.3064 0.5722 0 0
1143 -2.3405 0.9169 0 0
1144 -2.4387 0.7901 0 0
1145 -2.3291 0.8020 0 0
1146 -2.5605 0.8897 0 0
1147 -2.6578 0.7662 0 0
1148 -2.5483 0.7781 0 0
1149 -0.9544 1.0106 0 0
1150 -1.0613 0.8806 0 0
1151 -0.9283 0.7571 0 0
1152 -0.8214 0.8870 0 0
1153 -0.9414 0.8838 0 0
1154 -1.1932 1.0033 0 0
1155 -1.3013 0.8743 0 0
1156 -1.1694 0.7517 0 0
1157 -1.1813 0.8775 0 0
1158 -1.2786 0.6237 0 0
1159 -1.1455 0.5001 0 0
1160 -1.0363 0.6281 0 0
1161 -1.1575 0.6259 0 0
1162 -0.9022 0.5036 0 0
1163 -0.7941 0.6325 0 0
1164 -0.9152 0.6303 0 0
1165 -1.4320 0.9960 0 0
1166 -1.5412 0.8680 0 0
1167 -1.4105 0.7463 0 0
1168 -1.4212 0.8711 0 0
1169 -1.6708 0.9886 0 0
1170 -1.6516 0.7409 0 0
1171 -1.6612 0.8648 0 0
1172 -1.6323 0.4932 0 0
1173 -1.5208 0.6193 0 0
1174 -1.6419 0.6170 0 0
1175 -1.3889 0.4966 0 0
1176 -1.3997 0.6215 0 0
1177 -1.5004 0.3706 0 0
1178 -1.3673 0.2470 0 0
1179 -1.2559 0.3731 0 0
1180 -1.3781 0.3718 0 0
1181 -1.6130 0.2454 0 0
1182 -1.6226 0.3693 0 0
1183 -1.5937 -0.0023 0 0
1184 -1.4800 0.1219 0 0
1185 -1.6034 0.1216 0 0
1186 -1.3458 -0.0027 0 0
1187 -1.2332 0.1224 0 0
1188 -1.3566 0.1222 0 0
1189 -1.0113 0.3756 0 0
1190 -0.8760 0.2501 0 0
1191 -0.7668 0.3781 0 0
1192 -0.8891 0.3768 0 0
1193 -1.1217 0.2485 0 0
1194 -1.1336 0.3743 0 0
1195 -1.0978 -0.0031 0 0
1196 -0.9863 0.1230 0 0
1197 -1.1098 0.1227 0 0
1198 -0.8499 -0.0034 0 0
1199 -0.7395 0.1236 0 0
1200 -0.8629 0.1233 0 0
1201 -1.6112 -0.2495 0 0
1202 -1.4789 -0.1266 0 0
1203 -1.6025 -0.1259 0 0
1204 -1.6286 -0.4966 0 0
1205 -1.4971 -0.3748 0 0
1206 -1.6199 -0.3730 0 0
1207 -1.3838 -0.5012 0 0
1208 -1.2515 -0.3783 0 0
1209 -1.3648 -0.2519 0 0
1210 -1.3743 -0.3766 0 0
1211 -1.2317 -0.1280 0 0
1212 -1.3553 -0.1273 0 0
1213 -1.6461 -0.7438 0 0
1214 -1.5153 -0.6230 0 0
1215 -1.6373 -0.6202 0 0
1216 -1.6635 -0.9909 0 0
1217 -1.5335 -0.8712 0 0
1218 -1.6548 -0.8674 0 0
1219 -1.4218 -0.9997 0 0
1220 -1.2910 -0.8790 0 0
1221 -1.4028 -0.7505 0 0
1222 -1.4123 -0.8751 0 0
1223 -1.2713 -0.6287 0 0
1224 -1.3933 -0.6258 0 0
1225 -1.1595 -0.7572 0 0
1226 -1.0272 -0.6343 0 0
1227 -1.1390 -0.5058 0 0
1228 -1.1492 -0.6315 0 0
1229 -1.1801 -1.0086 0 0
1230 -1.0485 -0.8868 0 0
1231 -1.1698 -0.8829 0 0
1232 -0.9384 -1.0174 0 0
1233 -0.8060 -0.8945 0 0
1234 -0.9162 -0.7639 0 0
1235 -0.9273 -0.8906 0 0
1236 -0.7831 -0.6400 0 0
1237 -0.8941 -0.5104 0 0
1238 -0.9052 -0.6371 0 0
1239 -1.1184 -0.2544 0 0
1240 -0.9845 -0.1295 0 0
1241 -1.1081 -0.1287 0 0
1242 -1.0059 -0.3819 0 0
1243 -1.1287 -0.3801 0 0
1244 -0.7602 -0.3854 0 0
1245 -0.8720 -0.2569 0 0
1246 -0.8831 -0.3837 0 0
1247 -0.7373 -0.1309 0 0
1248 -0.8609 -0.1302 0 0
1249 1.6916 -0.8099 0 0
1250 1.8480 -0.6775 0 0
1251 1.7418 -0.5411 0 0
1252 1.7167 -0.6755 0 0
1253 1.9627 -0.8071 0 0
1254 2.1106 -0.6814 0 0
1255 1.9959 -0.5518 0 0
1256 1.9793 -0.6794 0 0
1257 2.1353 -0.4328 0 0
1258 2.0292 -0.2964 0 0
1259 1.8898 -0.4154 0 0
1260 2.0125 -0.4241 0 0
1261 1.7921 -0.2722 0 0
1262 1.7670 -0.4067 0 0
1263 2.2338 -0.8042 0 0
1264 2.3732 -0.6853 0 0
1265 2.2500 -0.5624 0 0
1266 2.2419 -0.6833 0 0
1267 2.5049 -0.8014 0 0
1268 2.6358 -0.6892 0 0
1269 2.5041 -0.5731 0 0
1270 2.5045 -0.6873 0 0
1271 2.6265 -0.4677 0 0
1272 2.5033 -0.3448 0 0
1273 2.3809 -0.4503 0 0
1274 2.5037 -0.4590 0 0
1275 2.2662 -0.3206 0 0
1276 2.2581 -0.4415 0 0
1277 2.3886 -0.2152 0 0
1278 2.2825 -0.0788 0 0
1279 2.1601 -0.1843 0 0
1280 2.2743 -0.1997 0 0
1281 2.6172 -0.2462 0 0
1282 2.5025 -0.1166 0 0
1283 2.5029 -0.2307 0 0
1284 2.6079 -0.0247 0 0
1285 2.5017 0.1117 0 0
1286 2.3964 0.0198 0 0
1287 2.5021 -0.0024 0 0
1288 2.2987 0.1630 0 0
1289 2.1848 0.0643 0 0
1290 2.2906 0.0421 0 0
1291 1.9315 -0.1533 0 0
1292 1.8424 -0.0034 0 0
1293 1.8172 -0.1378 0 0
1294 2.0624 -0.0411 0 0
1295 2.0458 -0.1688 0 0
1296 2.0957 0.2142 0 0
1297 1.9733 0.1088 0 0
1298 2.0791 0.0865 0 0
1299 1.8927 0.2654 0 0
1300 1.8675 0.1310 0 0
1301 3.3692 -0.4859 0 0
1302 3.2533 -0.4294 0 0
1303 3.1859 -0.5368 0 0
1304 3.3018 -0.5932 0 0
1305 3.2775 -0.5113 0 0
1306 3.3152 -0.3304 0 0
1307 3.2048 -0.2656 0 0
1308 3.1430 -0.3647 0 0
1309 3.2291 -0.3475 0 0
1310 3.0383 -0.2917 0 0
1311 2.9708 -0.3990 0 0
1312 3.0755 -0.4720 0 0
1313 3.0569 -0.3819 0 0
1314 3.0025 -0.5876 0 0
1315 3.1128 -0.6523 0 0
1316 3.0942 -0.5622 0 0
1317 3.2611 -0.1748 0 0
1318 3.1564 -0.1018 0 0
1319 3.1001 -0.1926 0 0
1320 3.1806 -0.1837 0 0
1321 3.2071 -0.0192 0 0
1322 3.1079 0.0620 0 0
1323 3.0573 -0.0206 0 0
1324 3.1322 -0.0199 0 0
1325 2.9637 0.0689 0 0
1326 2.9075 -0.0219 0 0
1327 3.0010 -0.1114 0 0
1328 2.9824 -0.0213 0 0
1329 2.9391 -0.2105 0 0
1330 3.0196 -0.2016 0 0
1331 2.8456 -0.1210 0 0
1332 2.7782 -0.2283 0 0
1333 2.8717 -0.3178 0 0
1334 2.8587 -0.2194 0 0
1335 2.8195 0.0758 0 0
1336 2.7577 -0.0233 0 0
1337 2.8326 -0.0226 0 0
1338 2.6753 0.0827 0 0
1339 2.6902 -0.1306 0 0
1340 2.6828 -0.0240 0 0
1341 2.7051 -0.3439 0 0
1342 2.6977 -0.2373 0 0
1343 2.8978 -0.5146 0 0
1344 2.8191 -0.6384 0 0
1345 2.9239 -0.7114 0 0
1346 2.9108 -0.6130 0 0
1347 2.7986 -0.4334 0 0
1348 2.8847 -0.4162 0 0
1349 2.7200 -0.5572 0 0
1350 2.7126 -0.4505 0 0
1351 2.7349 -0.7705 0 0
1352 2.7275 -0.6638 0 0
1353 -3.4203 0.5721 0 0
1354 -3.2913 0.5102 0 0
1355 -3.2297 0.6207 0 0
1356 -3.3587 0.6826 0 0
1357 -3.3250 0.5964 0 0
1358 -3.3469 0.4065 0 0
1359 -3.2239 0.3378 0 0
1360 -3.1683 0.4415 0 0
1361 -3.2576 0.4240 0 0
1362 -3.0513 0.3661 0 0
1363 -2.9896 0.4765 0 0
1364 -3.1067 0.5520 0 0
1365 -3.0790 0.4590 0 0
1366 -3.0391 0.6692 0 0
1367 -3.1621 0.7379 0 0
1368 -3.1344 0.6449 0 0
1369 -3.2736 0.2409 0 0
1370 -3.1566 0.1654 0 0
1371 -3.1069 0.2624 0 0
1372 -3.1903 0.2516 0 0
1373 -3.2003 0.0752 0 0
1374 -3.0892 -0.0070 0 0
1375 -3.0455 0.0832 0 0
1376 -3.1229 0.0792 0 0
1377 -2.9405 -0.0057 0 0
1378 -2.8908 0.0912 0 0
1379 -2.9959 0.1802 0 0
1380 -2.9682 0.0872 0 0
1381 -2.9402 0.2839 0 0
1382 -3.0236 0.2731 0 0
1383 -2.8352 0.1949 0 0
1384 -2.7735 0.3054 0 0
1385 -2.8786 0.3943 0 0
1386 -2.8569 0.2946 0 0
1387 -2.7917 -0.0045 0 0
1388 -2.7361 0.0992 0 0
1389 -2.8134 0.0952 0 0
1390 -2.6430 -0.0032 0 0
1391 -2.6745 0.2097 0 0
1392 -2.6587 0.1032 0 0
1393 -2.7059 0.4226 0 0
1394 -2.6902 0.3161 0 0
1395 -2.9220 0.5937 0 0
1396 -2.8485 0.7177 0 0
1397 -2.9655 0.7931 0 0
1398 -2.9438 0.6934 0 0
1399 -2.8110 0.5115 0 0
1400 -2.9003 0.4940 0 0
1401 -2.7374 0.6355 0 0
1402 -2.7217 0.5290 0 0
1403 -2.7689 0.8484 0 0
1404 -2.7531 0.7420 0 0
1405 -3.3763 -0.7085 0 0
1406 -3.2431 -0.6428 0 0
1407 -3.3046 -0.5331 0 0
1408 -3.4378 -0.5988 0 0
1409 -3.3404 -0.6208 0 0
1410 -3.1752 -0.7590 0 0
1411 -3.0485 -0.6869 0 0
1412 -3.1165 -0.5707 0 0
1413 -3.1458 -0.6648 0 0
1414 -2.9964 -0.4921 0 0
1415 -3.0578 -0.3824 0 0
1416 -3.1779 -0.4610 0 0
1417 -3.0871 -0.4765 0 0
1418 -3.2328 -0.3577 0 0
1419 -3.3594 -0.4299 0 0
1420 -3.2687 -0.4454 0 0
1421 -2.9740 -0.8095 0 0
1422 -2.8539 -0.7309 0 0
1423 -2.9284 -0.6082 0 0
1424 -2.9512 -0.7089 0 0
1425 -2.7728 -0.8600 0 0
1426 -2.7403 -0.6458 0 0
1427 -2.7566 -0.7529 0 0
1428 -2.7079 -0.4316 0 0
1429 -2.8149 -0.5232 0 0
1430 -2.7241 -0.5387 0 0
1431 -2.8828 -0.4070 0 0
1432 -2.9056 -0.5076 0 0
1433 -2.7759 -0.3154 0 0
1434 -2.8373 -0.2057 0 0
1435 -2.9443 -0.2973 0 0
1436 -2.8601 -0.3064 0 0
1437 -2.6754 -0.2174 0 0
1438 -2.6917 -0.3245 0 0
1439 -2.7369 -0.1077 0 0
1440 -2.6592 -0.1103 0 0
1441 -2.8922 -0.1025 0 0
1442 -2.8145 -0.1051 0 0
1443 -3.1127 -0.2791 0 0
1444 -3.1610 -0.1823 0 0
1445 -3.2811 -0.2610 0 0
1446 -3.1969 -0.2700 0 0
1447 -2.9991 -0.1940 0 0
1448 -3.0285 -0.2882 0 0
1449 -3.0475 -0.0973 0 0
1450 -2.9698 -0.0999 0 0
1451 -3.2028 -0.0920 0 0
1452 -3.1251 -0.0946 0 0
1453 -1.9738 1.8731 0 0
1454 -1.8240 1.7472 0 0
1455 -1.7252 1.8740 0 0
1456 -1.8495 1.8736 0 0
1457 -1.9213 1.6194 0 0
1458 -1.7729 1.4943 0 0
1459 -1.6755 1.6221 0 0
1460 -1.7984 1.6207 0 0
1461 -1.5285 1.4980 0 0
1462 -1.4297 1.6249 0 0
1463 -1.5768 1.7490 0 0
1464 -1.5526 1.6235 0 0
1465 -1.4766 1.8750 0 0
1466 -1.6009 1.8745 0 0
1467 -1.8689 1.3656 0 0
1468 -1.7219 1.2415 0 0
1469 -1.6259 1.3702 0 0
1470 -1.7474 1.3679 0 0
1471 -1.8164 1.1119 0 0
1472 -1.5762 1.1183 0 0
1473 -1.6963 1.1151 0 0
1474 -1.3361 1.1247 0 0
1475 -1.4803 1.2470 0 0
1476 -1.4562 1.1215 0 0
1477 -1.3829 1.3748 0 0
1478 -1.5044 1.3725 0 0
1479 -1.2387 1.2524 0 0
1480 -1.1399 1.3793 0 0
1481 -1.2841 1.5016 0 0
1482 -1.2614 1.3770 0 0
1483 -1.0959 1.1310 0 0
1484 -1.2160 1.1279 0 0
1485 -0.8557 1.1374 0 0
1486 -0.9971 1.2579 0 0
1487 -0.9758 1.1342 0 0
1488 -0.8969 1.3839 0 0
1489 -1.0397 1.5053 0 0
1490 -1.0184 1.3816 0 0
1491 -1.3296 1.7508 0 0
1492 -1.2280 1.8759 0 0
1493 -1.3523 1.8754 0 0
1494 -1.1839 1.6276 0 0
1495 -1.3068 1.6262 0 0
1496 -0.9381 1.6303 0 0
1497 -1.0824 1.7526 0 0
1498 -1.0610 1.6290 0 0
1499 -0.9794 1.8768 0 0
1500 -1.1037 1.8763 0 0
1501 1.4709 -0.8748 0 0
1502 1.4314 -1.0711 0 0
1503 1.5720 -1.1561 0 0
1504 1.6115 -0.9599 0 0
1505 1.5214 -1.0155 0 0
1506 1.3008 -1.0019 0 0
1507 1.2513 -1.1822 0 0
1508 1.3819 -1.2514 0 0
1509 1.3413 -1.1266 0 0
1510 1.3224 -1.4159 0 0
1511 1.4629 -1.5009 0 0
1512 1.5224 -1.3365 0 0
1513 1.4224 -1.3762 0 0
1514 1.6730 -1.4374 0 0
1515 1.7225 -1.2571 0 0
1516 1.6225 -1.2968 0 0
1517 1.1307 -1.1289 0 0
1518 1.0712 -1.2933 0 0
1519 1.1918 -1.3467 0 0
1520 1.1612 -1.2378 0 0
1521 0.9606 -1.2559 0 0
1522 0.8911 -1.4045 0 0
1523 1.0017 -1.4419 0 0
1524 0.9811 -1.3489 0 0
1525 0.9222 -1.5746 0 0
1526 1.0428 -1.6279 0 0
1527 1.1223 -1.4952 0 0
1528 1.0222 -1.5349 0 0
1529 1.2529 -1.5644 0 0
1530 1.2223 -1.4555 0 0
1531 1.1734 -1.6971 0 0
1532 1.3139 -1.7822 0 0
1533 1.3934 -1.6495 0 0
1534 1.2834 -1.6733 0 0
1535 0.9533 -1.7448 0 0
1536 1.0839 -1.8140 0 0
1537 1.0633 -1.7210 0 0
1538 0.9844 -1.9149 0 0
1539 1.2245 -1.8990 0 0
1540 1.1044 -1.9070 0 0
1541 1.4645 -1.8832 0 0
1542 1.3445 -1.8911 0 0
1543 1.6135 -1.6019 0 0
1544 1.7740 -1.7187 0 0
1545 1.8335 -1.5542 0 0
1546 1.7235 -1.5781 0 0
1547 1.5440 -1.7505 0 0
1548 1.5034 -1.6257 0 0
1549 1.7045 -1.8673 0 0
1550 1.5845 -1.8752 0 0
1551 1.9445 -1.8514 0 0
1552 1.8245 -1.8594 0 0
1553 4.2652 -1.0916 0 0
1554 4.3636 -0.9418 0 0
1555 4.2497 -0.8143 0 0
1556 4.1514 -0.9640 0 0
1557 4.2575 -0.9529 0 0
1558 4.4752 -1.0654 0 0
1559 4.5757 -0.9195 0 0
1560 4.4641 -0.7959 0 0
1561 4.4696 -0.9306 0 0
1562 4.5669 -0.6539 0 0
1563 4.4530 -0.5264 0 0
1564 4.3503 -0.6684 0 0
1565 4.4586 -0.6612 0 0
1566 4.2343 -0.5370 0 0
1567 4.1337 -0.6828 0 0
1568 4.2420 -0.6756 0 0
1569 4.6851 -1.0392 0 0
1570 4.7879 -0.8973 0 0
1571 4.6785 -0.7775 0 0
1572 4.6818 -0.9084 0 0
1573 4.8950 -1.0131 0 0
1574 4.8928 -0.7592 0 0
1575 4.8939 -0.8861 0 0
1576 4.8906 -0.5053 0 0
1577 4.7834 -0.6395 0 0
1578 4.8917 -0.6322 0 0
1579 4.6718 -0.5158 0 0
1580 4.6751 -0.6467 0 0
1581 4.7790 -0.3817 0 0
1582 4.6652 -0.2542 0 0
1583 4.5580 -0.3883 0 0
1584 4.6685 -0.3850 0 0
1585 4.8884 -0.2514 0 0
1586 4.8895 -0.3783 0 0
1587 4.8862 0.0025 0 0
1588 4.7746 -0.1239 0 0
1589 4.8873 -0.1244 0 0
1590 4.6586 0.0075 0 0
1591 4.5492 -0.1227 0 0
1592 4.6619 -0.1233 0 0
1593 4.3370 -0.3950 0 0
1594 4.2188 -0.2597 0 0
1595 4.1160 -0.4017 0 0
1596 4.2265 -0.3983 0 0
1597 4.4420 -0.2569 0 0
1598 4.4475 -0.3917 0 0
1599 4.4309 0.0126 0 0
1600 4.3237 -0.1216 0 0
1601 4.4365 -0.1222 0 0
1602 4.2033 0.0176 0 0
1603 4.0983 -0.1205 0 0
1604 4.2110 -0.1210 0 0
1605 -4.2673 1.0995 0 0
1606 -4.3640 0.9490 0 0
1607 -4.2487 0.8232 0 0
1608 -4.1520 0.9737 0 0
1609 -4.2580 0.9614 0 0
1610 -4.4766 1.0711 0 0
1611 -4.5760 0.9243 0 0
1612 -4.4634 0.8023 0 0
1613 -4.4700 0.9367 0 0
1614 -4.5654 0.6593 0 0
1615 -4.4501 0.5335 0 0
1616 -4.3481 0.6765 0 0
1617 -4.4567 0.6679 0 0
1618 -4.2301 0.5469 0 0
1619 -4.1308 0.6937 0 0
1620 -4.2394 0.6851 0 0
1621 -4.6860 1.0426 0 0
1622 -4.7880 0.8997 0 0
1623 -4.6780 0.7814 0 0
1624 -4.6820 0.9120 0 0
1625 -4.8953 1.0142 0 0
1626 -4.8927 0.7605 0 0
1627 -4.8940 0.8873 0 0
1628 -4.8900 0.5067 0 0
1629 -4.7827 0.6422 0 0
1630 -4.8913 0.6336 0 0
1631 -4.6701 0.5201 0 0
1632 -4.6740 0.6508 0 0
1633 -4.7774 0.3847 0 0
1634 -4.6621 0.2589 0 0
1635 -4.5548 0.3943 0 0
1636 -4.6661 0.3895 0 0
1637 -4.8874 0.2530 0 0
1638 -4.8887 0.3798 0 0
1639 -4.8847 -0.0008 0 0
1640 -4.7721 0.1272 0 0
1641 -4.8860 0.1261 0 0
1642 -4.6541 -0.0024 0 0
1643 -4.5442 0.1293 0 0
1644 -4.6581 0.1282 0 0
1645 -4.3322 0.4040 0 0
1646 -4.2116 0.2707 0 0
1647 -4.1095 0.4136 0 0
1648 -4.2209 0.4088 0 0
1649 -4.4368 0.2648 0 0
1650 -4.4435 0.3992 0 0
1651 -4.4236 -0.0040 0 0
1652 -4.3162 0.1315 0 0
1653 -4.4302 0.1304 0 0
1654 -4.1930 -0.0056 0 0
1655 -4.0883 0.1336 0 0
1656 -4.2023 0.1325 0 0
1657 4.2050 1.0393 0 0
1658 4.2899 0.8758 0 0
1659 4.4037 0.9983 0 0
1660 4.3188 1.1618 0 0
1661 4.3044 1.0188 0 0
1662 4.1720 0.7481 0 0
1663 4.2610 0.5897 0 0
1664 4.3790 0.7174 0 0
1665 4.2755 0.7327 0 0
1666 4.4722 0.5641 0 0
1667 4.5860 0.6866 0 0
1668 4.4928 0.8398 0 0
1669 4.4825 0.7020 0 0
1670 4.6025 0.9572 0 0
1671 4.5134 1.1156 0 0
1672 4.5031 0.9777 0 0
1673 4.1390 0.4569 0 0
1674 4.2322 0.3037 0 0
1675 4.3542 0.4364 0 0
1676 4.2466 0.4467 0 0
1677 4.1060 0.1657 0 0
1678 4.3295 0.1555 0 0
1679 4.2177 0.1606 0 0
1680 4.5530 0.1454 0 0
1681 4.4515 0.2883 0 0
1682 4.4412 0.1505 0 0
1683 4.5695 0.4160 0 0
1684 4.4619 0.4262 0 0
1685 4.6709 0.2730 0 0
1686 4.7847 0.3955 0 0
1687 4.6833 0.5385 0 0
1688 4.6771 0.4057 0 0
1689 4.7765 0.1352 0 0
1690 4.6647 0.1403 0 0
1691 4.8903 0.2577 0 0
1692 4.8882 0.1301 0 0
1693 4.8944 0.5128 0 0
1694 4.8924 0.3852 0 0
1695 4.6957 0.8039 0 0
1696 4.8012 0.9161 0 0
1697 4.7081 1.0694 0 0
1698 4.7019 0.9366 0 0
1699 4.7930 0.6558 0 0
1700 4.6895 0.6712 0 0
1701 4.8986 0.7680 0 0
1702 4.8965 0.6404 0 0
1703 4.9027 1.0231 0 0
1704 4.9006 0.8955 0 0
1705 -4.1947 -1.0461 0 0
1706 -4.2807 -0.8791 0 0
1707 -4.3960 -1.0033 0 0
1708 -4.3100 -1.1703 0 0
1709 -4.2953 -1.0247 0 0
1710 -4.1612 -0.7491 0 0
1711 -4.2515 -0.5880 0 0
1712 -4.3709 -0.7180 0 0
1713 -4.2661 -0.7335 0 0
1714 -4.4653 -0.5628 0 0
1715 -4.5806 -0.6870 0 0
1716 -4.4862 -0.8422 0 0
1717 -4.4758 -0.7025 0 0
1718 -4.5973 -0.9606 0 0
1719 -4.5071 -1.1217 0 0
1720 -4.4967 -0.9819 0 0
1721 -4.1278 -0.4520 0 0
1722 -4.2222 -0.2968 0 0
1723 -4.3459 -0.4327 0 0
1724 -4.2368 -0.4424 0 0
1725 -4.0944 -0.1549 0 0
1726 -4.3208 -0.1474 0 0
1727 -4.2076 -0.1512 0 0
1728 -4.5472 -0.1400 0 0
1729 -4.4444 -0.2834 0 0
1730 -4.4340 -0.1437 0 0
1731 -4.5639 -0.4135 0 0
1732 -4.4549 -0.4231 0 0
1733 -4.6667 -0.2700 0 0
1734 -4.7820 -0.3942 0 0
1735 -4.6792 -0.5377 0 0
1736 -4.6729 -0.4039 0 0
1737 -4.7736 -0.1325 0 0
1738 -4.6604 -0.1362 0 0
1739 -4.8889 -0.2567 0 0
1740 -4.8868 -0.1287 0 0
1741 -4.8931 -0.5126 0 0
1742 -4.8910 -0.3846 0 0
1743 -4.6917 -0.8053 0 0
1744 -4.7987 -0.9178 0 0
1745 -4.7043 -1.0730 0 0
1746 -4.6980 -0.9392 0 0
1747 -4.7903 -0.6560 0 0
1748 -4.6855 -0.6715 0 0
1749 -4.8972 -0.7684 0 0
1750 -4.8952 -0.6405 0 0
1751 -4.9014 -1.0243 0 0
1752 -4.8993 -0.8964 0 0
1753 -1.7241 -1.8744 0 0
1754 -1.8221 -1.7477 0 0
1755 -1.9730 -1.8733 0 0
1756 -1.8486 -1.8739 0 0
1757 -1.4751 -1.8755 0 0
1758 -1.5742 -1.7499 0 0
1759 -1.5996 -1.8750 0 0
1760 -1.4254 -1.6266 0 0
1761 -1.5234 -1.4999 0 0
1762 -1.6722 -1.6233 0 0
1763 -1.5488 -1.6249 0 0
1764 -1.7693 -1.4955 0 0
1765 -1.9191 -1.6199 0 0
1766 -1.7957 -1.6216 0 0
1767 -1.2262 -1.8766 0 0
1768 -1.3263 -1.7521 0 0
1769 -1.3506 -1.8761 0 0
1770 -0.9772 -1.8777 0 0
1771 -1.0783 -1.7543 0 0
1772 -1.1017 -1.8772 0 0
1773 -0.9316 -1.6332 0 0
1774 -1.0317 -1.5087 0 0
1775 -1.1785 -1.6299 0 0
1776 -1.0550 -1.6315 0 0
1777 -1.2775 -1.5043 0 0
1778 -1.3019 -1.6282 0 0
1779 -1.1308 -1.3831 0 0
1780 -1.2288 -1.2564 0 0
1781 -1.3756 -1.3776 0 0
1782 -1.2532 -1.3803 0 0
1783 -0.8859 -1.3886 0 0
1784 -0.9850 -1.2630 0 0
1785 -1.0083 -1.3859 0 0
1786 -0.8403 -1.1441 0 0
1787 -1.0831 -1.1363 0 0
1788 -0.9617 -1.1402 0 0
1789 -1.3258 -1.1286 0 0
1790 -1.2044 -1.1325 0 0
1791 -1.6204 -1.3721 0 0
1792 -1.7164 -1.2432 0 0
1793 -1.8652 -1.3666 0 0
1794 -1.7428 -1.3693 0 0
1795 -1.4726 -1.2498 0 0
1796 -1.4980 -1.3748 0 0
1797 -1.5686 -1.1209 0 0
1798 -1.4472 -1.1248 0 0
1799 -1.8113 -1.1132 0 0
1800 -1.6900 -1.1171 0 0
1801 2.0496 1.1073 0 0
1802 2.1600 1.1987 0 0
1803 2.0684 1.3305 0 0
1804 1.9580 1.2392 0 0
1805 2.0590 1.2189 0 0
1806 2.2448 1.0610 0 0
1807 2.3621 1.1582 0 0
1808 2.2774 1.2958 0 0
1809 2.2611 1.1784 0 0
1810 2.4015 1.3987 0 0
1811 2.3099 1.5305 0 0
1812 2.1857 1.4276 0 0
1813 2.2936 1.4131 0 0
1814 2.0873 1.5537 0 0
1815 1.9700 1.4565 0 0
1816 2.0779 1.4421 0 0
1817 2.4401 1.0147 0 0
1818 2.5642 1.1176 0 0
1819 2.4863 1.2611 0 0
1820 2.4632 1.1379 0 0
1821 2.6353 0.9684 0 0
1822 2.7663 1.0771 0 0
1823 2.6952 1.2263 0 0
1824 2.6653 1.0974 0 0
1825 2.8331 1.3408 0 0
1826 2.7552 1.4842 0 0
1827 2.6173 1.3697 0 0
1828 2.7252 1.3553 0 0
1829 2.5325 1.5074 0 0
1830 2.5094 1.3842 0 0
1831 2.6704 1.6218 0 0
1832 2.5788 1.7537 0 0
1833 2.4409 1.6392 0 0
1834 2.5557 1.6305 0 0
1835 2.8999 1.6045 0 0
1836 2.8151 1.7421 0 0
1837 2.7851 1.6132 0 0
1838 2.9666 1.8682 0 0
1839 2.7235 1.8739 0 0
1840 2.8450 1.8711 0 0
1841 2.4803 1.8797 0 0
1842 2.6019 1.8768 0 0
1843 2.2114 1.6566 0 0
1844 2.1061 1.7768 0 0
1845 1.9820 1.6739 0 0
1846 2.0967 1.6652 0 0
1847 2.3425 1.7653 0 0
1848 2.3262 1.6479 0 0
1849 2.2371 1.8855 0 0
1850 2.3587 1.8826 0 0
1851 1.9940 1.8913 0 0
1852 2.1156 1.8884 0 0
1853 -2.0368 -1.0911 0 0
1854 -1.9528 -1.2304 0 0
1855 -1.9241 -1.1021 0 0
1856 -2.2622 -1.0689 0 0
1857 -2.1817 -1.2114 0 0
1858 -2.1495 -1.0800 0 0
1859 -2.3302 -1.3349 0 0
1860 -2.2462 -1.4743 0 0
1861 -2.0977 -1.3508 0 0
1862 -2.2139 -1.3428 0 0
1863 -2.0102 -1.4869 0 0
1864 -1.9815 -1.3587 0 0
1865 -2.4877 -1.0468 0 0
1866 -2.4107 -1.1924 0 0
1867 -2.3750 -1.0578 0 0
1868 -2.7132 -1.0246 0 0
1869 -2.6397 -1.1734 0 0
1870 -2.6004 -1.0357 0 0
1871 -2.7951 -1.3033 0 0
1872 -2.7181 -1.4490 0 0
1873 -2.5626 -1.3191 0 0
1874 -2.6789 -1.3112 0 0
1875 -2.4821 -1.4616 0 0
1876 -2.4464 -1.3270 0 0
1877 -2.6376 -1.5915 0 0
1878 -2.5536 -1.7308 0 0
1879 -2.3981 -1.6010 0 0
1880 -2.5178 -1.5962 0 0
1881 -2.8771 -1.5820 0 0
1882 -2.7966 -1.7245 0 0
1883 -2.7573 -1.5867 0 0
1884 -2.9590 -1.8607 0 0
1885 -2.7125 -1.8638 0 0
1886 -2.8358 -1.8622 0 0
1887 -2.4660 -1.8670 0 0
1888 -2.5893 -1.8654 0 0
1889 -2.1586 -1.6105 0 0
1890 -2.0676 -1.7435 0 0
1891 -2.0389 -1.6152 0 0
1892 -2.3106 -1.7371 0 0
1893 -2.2784 -1.6057 0 0
1894 -2.2195 -1.8702 0 0
1895 -2.3428 -1.8686 0 0
1896 -2.0963 -1.8717 0 0
1897 -1.9565 1.2285 0 0
1898 -2.0403 1.0880 0 0
1899 -1.9284 1.1000 0 0
1900 -2.0126 1.4857 0 0
1901 -2.1002 1.3486 0 0
1902 -1.9845 1.3571 0 0
1903 -2.2477 1.4721 0 0
1904 -2.3315 1.3316 0 0
1905 -2.1840 1.2081 0 0
1906 -2.2159 1.3401 0 0
1907 -2.2641 1.0642 0 0
1908 -2.1522 1.0761 0 0
1909 -2.0688 1.7428 0 0
1910 -2.1601 1.6092 0 0
1911 -2.0407 1.6143 0 0
1912 -2.2200 1.8697 0 0
1913 -2.0969 1.8714 0 0
1914 -2.4663 1.8663 0 0
1915 -2.3113 1.7360 0 0
1916 -2.3432 1.8680 0 0
1917 -2.3989 1.5989 0 0
1918 -2.2795 1.6041 0 0
1919 -2.5539 1.7292 0 0
1920 -2.6377 1.5887 0 0
1921 -2.4827 1.4585 0 0
1922 -2.5183 1.5938 0 0
1923 -2.7126 1.8629 0 0
1924 -2.5894 1.8646 0 0
1925 -2.9588 1.8595 0 0
1926 -2.7964 1.7224 0 0
1927 -2.8357 1.8612 0 0
1928 -2.8765 1.5785 0 0
1929 -2.7178 1.4448 0 0
1930 -2.7571 1.5836 0 0
1931 -2.4116 1.1877 0 0
1932 -2.4879 1.0404 0 0
1933 -2.3760 1.0523 0 0
1934 -2.5628 1.3146 0 0
1935 -2.4472 1.3231 0 0
1936 -2.7941 1.2975 0 0
1937 -2.6392 1.1672 0 0
1938 -2.6785 1.3060 0 0
1939 -2.7118 1.0165 0 0
1940 -2.5999 1.0285 0 0
1941 1.7999 -1.1074 0 0
1942 1.8800 -0.9574 0 0
1943 1.7457 -0.9587 0 0
1944 1.9083 -1.4050 0 0
1945 1.9857 -1.2553 0 0
1946 1.8541 -1.2562 0 0
1947 2.1688 -1.4035 0 0
1948 2.2489 -1.2535 0 0
1949 2.0657 -1.1053 0 0
1950 2.1173 -1.2544 0 0
1951 2.1484 -0.9550 0 0
1952 2.0142 -0.9562 0 0
1953 2.0166 -1.7025 0 0
1954 2.0914 -1.5532 0 0
1955 1.9625 -1.5537 0 0
1956 2.1971 -1.8511 0 0
1957 2.0708 -1.8512 0 0
1958 2.4498 -1.8507 0 0
1959 2.2719 -1.7018 0 0
1960 2.3235 -1.8509 0 0
1961 2.3493 -1.5521 0 0
1962 2.2204 -1.5527 0 0
1963 2.5272 -1.7011 0 0
1964 2.6072 -1.5511 0 0
1965 2.4294 -1.4021 0 0
1966 2.4783 -1.5516 0 0
1967 2.7024 -1.8504 0 0
1968 2.5761 -1.8505 0 0
1969 2.9551 -1.8500 0 0
1970 2.7825 -1.7004 0 0
1971 2.8287 -1.8502 0 0
1972 2.8652 -1.5500 0 0
1973 2.6899 -1.4007 0 0
1974 2.7362 -1.5505 0 0
1975 2.3316 -1.1032 0 0
1976 2.4169 -0.9525 0 0
1977 2.2827 -0.9537 0 0
1978 2.5121 -1.2518 0 0
1979 2.3805 -1.2527 0 0
1980 2.7753 -1.2500 0 0
1981 2.5974 -1.1011 0 0
1982 2.6437 -1.2509 0 0
1983 2.6854 -0.9500 0 0
1984 2.5511 -0.9512 0 0
1985 0.3770 -0.1488 0 0
1986 0.4768 -0.3696 0 0
1987 0.6504 -0.3303 0 0
1988 0.5137 -0.2396 0 0
1989 0.3169 -0.4277 0 0
1990 0.4029 -0.6295 0 0
1991 0.5629 -0.5713 0 0
1992 0.4399 -0.4995 0 0
1993 0.6352 -0.7540 0 0
1994 0.8088 -0.7148 0 0
1995 0.7365 -0.5321 0 0
1996 0.6858 -0.6430 0 0
1997 0.9239 -0.5118 0 0
1998 0.7872 -0.4211 0 0
1999 0.2568 -0.7066 0 0
2000 0.3291 -0.8894 0 0
2001 0.4753 -0.8122 0 0
2002 0.3660 -0.7594 0 0
2003 0.1967 -0.9855 0 0
2004 0.2553 -1.1493 0 0
2005 0.3877 -1.0531 0 0
2006 0.2922 -1.0193 0 0
2007 0.4325 -1.1979 0 0
2008 0.5786 -1.1207 0 0
2009 0.5338 -0.9759 0 0
2010 0.4832 -1.0869 0 0
2011 0.6937 -0.9178 0 0
2012 0.5845 -0.8650 0 0
2013 0.7386 -1.0625 0 0
2014 0.9122 -1.0233 0 0
2015 0.8674 -0.8786 0 0
2016 0.8030 -0.9705 0 0
2017 0.6097 -1.2465 0 0
2018 0.7696 -1.1883 0 0
2019 0.6741 -1.1545 0 0
2020 0.7869 -1.2951 0 0
2021 0.9433 -1.1491 0 0
2022 0.8651 -1.2221 0 0
2023 1.0996 -1.0031 0 0
2024 1.0215 -1.0761 0 0
2025 0.9963 -0.6946 0 0
2026 1.1974 -0.6933 0 0
2027 1.0607 -0.6026 0 0
2028 1.0548 -0.8583 0 0
2029 0.9318 -0.7866 0 0
2030 1.2560 -0.8571 0 0
2031 1.1778 -0.9301 0 0
2032 1.3342 -0.7841 0 0
2033 0.1458 -1.2344 0 0
2034 0.2227 -1.3620 0 0
2035 0.3321 -1.2769 0 0
2036 0.2390 -1.2556 0 0
2037 0.1042 -1.4531 0 0
2038 0.1901 -1.5746 0 0
2039 0.3087 -1.4835 0 0
2040 0.2064 -1.4683 0 0
2041 0.4037 -1.5989 0 0
2042 0.5132 -1.5139 0 0
2043 0.4181 -1.3984 0 0
2044 0.4109 -1.4987 0 0
2045 0.5185 -1.3194 0 0
2046 0.4253 -1.2982 0 0
2047 0.0625 -1.6719 0 0
2048 0.1576 -1.7873 0 0
2049 0.2852 -1.6901 0 0
2050 0.1739 -1.6810 0 0
2051 0.0208 -1.8906 0 0
2052 0.2617 -1.8967 0 0
2053 0.1413 -1.8937 0 0
2054 0.5026 -1.9028 0 0
2055 0.3894 -1.7995 0 0
2056 0.3822 -1.8997 0 0
2057 0.5079 -1.7083 0 0
2058 0.3966 -1.6992 0 0
2059 0.6212 -1.8116 0 0
2060 0.7306 -1.7266 0 0
2061 0.6173 -1.6233 0 0
2062 0.6193 -1.7174 0 0
2063 0.7435 -1.9089 0 0
2064 0.6231 -1.9058 0 0
2065 0.8530 -1.8238 0 0
2066 0.8640 -1.9119 0 0
2067 0.8310 -1.6476 0 0
2068 0.8420 -1.7357 0 0
2069 0.6135 -1.4349 0 0
2070 0.7048 -1.3620 0 0
2071 0.6116 -1.3407 0 0
2072 0.7177 -1.5443 0 0
2073 0.6154 -1.5291 0 0
2074 0.8089 -1.4713 0 0
2075 0.8199 -1.5594 0 0
2076 0.7979 -1.3832 0 0
2077 2.7709 0.1798 0 0
2078 2.7151 0.2906 0 0
2079 2.6194 0.1935 0 0
2080 2.6952 0.1866 0 0
2081 2.9224 0.1660 0 0
2082 2.8738 0.2700 0 0
2083 2.8467 0.1729 0 0
2084 2.9840 0.3534 0 0
2085 2.9282 0.4642 0 0
2086 2.8180 0.3808 0 0
2087 2.9010 0.3671 0 0
2088 2.7548 0.4985 0 0
2089 2.6519 0.4083 0 0
2090 2.7349 0.3946 0 0
2091 3.0739 0.1523 0 0
2092 3.0326 0.2494 0 0
2093 2.9982 0.1591 0 0
2094 3.2254 0.1385 0 0
2095 3.1914 0.2288 0 0
2096 3.1497 0.1454 0 0
2097 3.3162 0.2985 0 0
2098 3.2749 0.3956 0 0
2099 3.1501 0.3259 0 0
2100 3.2332 0.3122 0 0
2101 3.1015 0.4299 0 0
2102 3.0671 0.3397 0 0
2103 3.2263 0.4996 0 0
2104 3.1704 0.6104 0 0
2105 3.0457 0.5408 0 0
2106 3.1360 0.5202 0 0
2107 3.4070 0.4584 0 0
2108 3.3584 0.5624 0 0
2109 3.3167 0.4790 0 0
2110 3.4978 0.6184 0 0
2111 3.4419 0.7292 0 0
2112 3.3025 0.6733 0 0
2113 3.4002 0.6458 0 0
2114 3.2393 0.7910 0 0
2115 3.1073 0.7281 0 0
2116 3.2049 0.7007 0 0
2117 2.8650 0.5819 0 0
2118 2.7945 0.7065 0 0
2119 2.6843 0.6231 0 0
2120 2.7746 0.6025 0 0
2121 2.9825 0.6585 0 0
2122 2.9553 0.5614 0 0
2123 3.0368 0.8527 0 0
2124 2.9120 0.7830 0 0
2125 3.0096 0.7556 0 0
2126 2.8342 0.9144 0 0
2127 2.7167 0.8379 0 0
2128 2.8144 0.8105 0 0
2129 -0.6945 -1.0347 0 0
2130 -0.5554 -0.9173 0 0
2131 -0.6669 -0.7771 0 0
2132 -0.6807 -0.9059 0 0
2133 -0.4484 -1.0605 0 0
2134 -0.3047 -0.9400 0 0
2135 -0.4116 -0.7968 0 0
2136 -0.4300 -0.9286 0 0
2137 -0.2632 -0.6733 0 0
2138 -0.3747 -0.5331 0 0
2139 -0.5232 -0.6566 0 0
2140 -0.3932 -0.6650 0 0
2141 -0.6394 -0.5195 0 0
2142 -0.6532 -0.6483 0 0
2143 -0.2024 -1.0863 0 0
2144 -0.0540 -0.9628 0 0
2145 -0.1563 -0.8165 0 0
2146 -0.1793 -0.9514 0 0
2147 0.0436 -1.1121 0 0
2148 0.0991 -0.8362 0 0
2149 0.0714 -0.9742 0 0
2150 0.1545 -0.5604 0 0
2151 -0.0032 -0.6900 0 0
2152 0.1268 -0.6983 0 0
2153 -0.1101 -0.5468 0 0
2154 -0.1332 -0.6816 0 0
2155 0.0476 -0.4172 0 0
2156 -0.0640 -0.2770 0 0
2157 -0.2217 -0.4066 0 0
2158 -0.0870 -0.4119 0 0
2159 0.2099 -0.2845 0 0
2160 0.1822 -0.4225 0 0
2161 0.2654 -0.0087 0 0
2162 0.0984 -0.1444 0 0
2163 0.2377 -0.1466 0 0
2164 -0.0178 -0.0072 0 0
2165 -0.1802 -0.1399 0 0
2166 -0.0409 -0.1421 0 0
2167 -0.4910 -0.3960 0 0
2168 -0.6118 -0.2619 0 0
2169 -0.6256 -0.3907 0 0
2170 -0.3379 -0.2695 0 0
2171 -0.3563 -0.4013 0 0
2172 -0.3011 -0.0058 0 0
2173 -0.4588 -0.1354 0 0
2174 -0.3195 -0.1376 0 0
2175 -0.5843 -0.0043 0 0
2176 -0.5981 -0.1331 0 0
2177 -0.1007 -1.2118 0 0
2178 0.0015 -1.3341 0 0
2179 0.0226 -1.2231 0 0
2180 -0.3472 -1.1892 0 0
2181 -0.2455 -1.3147 0 0
2182 -0.2240 -1.2005 0 0
2183 -0.3909 -1.4209 0 0
2184 -0.2887 -1.5431 0 0
2185 -0.1434 -1.4370 0 0
2186 -0.2671 -1.4289 0 0
2187 -0.0407 -1.5560 0 0
2188 -0.0196 -1.4451 0 0
2189 -0.5938 -1.1666 0 0
2190 -0.4926 -1.2954 0 0
2191 -0.4705 -1.1779 0 0
2192 -0.7396 -1.2760 0 0
2193 -0.7170 -1.1553 0 0
2194 -0.7847 -1.5173 0 0
2195 -0.6384 -1.4047 0 0
2196 -0.7622 -1.3967 0 0
2197 -0.5367 -1.5302 0 0
2198 -0.5146 -1.4128 0 0
2199 -0.6830 -1.6428 0 0
2200 -0.5809 -1.7651 0 0
2201 -0.4345 -1.6525 0 0
2202 -0.5588 -1.6477 0 0
2203 -0.8299 -1.7587 0 0
2204 -0.8073 -1.6380 0 0
2205 -0.7277 -1.8809 0 0
2206 -0.8524 -1.8793 0 0
2207 -0.4782 -1.8842 0 0
2208 -0.6029 -1.8826 0 0
2209 -0.1860 -1.6622 0 0
2210 -0.0828 -1.7780 0 0
2211 -0.0618 -1.6670 0 0
2212 -0.3318 -1.7716 0 0
2213 -0.3103 -1.6574 0 0
2214 -0.2287 -1.8874 0 0
2215 -0.3534 -1.8858 0 0
2216 -0.1039 -1.8890 0 0
2217 0.6054 1.1923 0 0
2218 0.5788 1.0982 0 0
2219 0.7039 1.0511 0 0
2220 0.7305 1.1452 0 0
2221 0.6547 1.1217 0 0
2222 0.4562 1.1646 0 0
2223 0.4271 1.0512 0 0
2224 0.5497 0.9848 0 0
2225 0.5030 1.0747 0 0
2226 0.5181 0.8522 0 0
2227 0.6433 0.8051 0 0
2228 0.6749 0.9377 0 0
2229 0.5965 0.8950 0 0
2230 0.8025 0.9099 0 0
2231 0.8316 1.0233 0 0
2232 0.7532 0.9805 0 0
2233 0.3070 1.1369 0 0
2234 0.2754 1.0043 0 0
2235 0.3955 0.9186 0 0
2236 0.3513 1.0278 0 0
2237 0.1578 1.1092 0 0
2238 0.1237 0.9573 0 0
2239 0.2413 0.8523 0 0
2240 0.1996 0.9808 0 0
2241 0.2047 0.6811 0 0
2242 0.3247 0.5954 0 0
2243 0.3614 0.7666 0 0
2244 0.2830 0.7239 0 0
2245 0.4840 0.7002 0 0
2246 0.4398 0.8094 0 0
2247 0.4474 0.5290 0 0
2248 0.5725 0.4819 0 0
2249 0.6091 0.6531 0 0
2250 0.5282 0.5911 0 0
2251 0.2856 0.4049 0 0
2252 0.4082 0.3385 0 0
2253 0.3665 0.4670 0 0
2254 0.3665 0.1287 0 0
2255 0.5333 0.2914 0 0
2256 0.4499 0.2100 0 0
2257 0.7001 0.4541 0 0
2258 0.6167 0.3727 0 0
2259 0.7709 0.7772 0 0
2260 0.9011 0.7687 0 0
2261 0.9327 0.9014 0 0
2262 0.8518 0.8393 0 0
2263 0.7368 0.6253 0 0
2264 0.6900 0.7152 0 0
2265 0.8669 0.6168 0 0
2266 0.7835 0.5354 0 0
2267 1.0337 0.7794 0 0
2268 0.9503 0.6981 0 0
2269 -0.6863 0.7672 0 0
2270 -0.5851 0.9046 0 0
2271 -0.7203 1.0244 0 0
2272 -0.7033 0.8958 0 0
2273 -0.6523 0.5100 0 0
2274 -0.5444 0.6447 0 0
2275 -0.6693 0.6386 0 0
2276 -0.3959 0.5194 0 0
2277 -0.2947 0.6568 0 0
2278 -0.4433 0.7820 0 0
2279 -0.4196 0.6507 0 0
2280 -0.3488 0.9221 0 0
2281 -0.4907 1.0447 0 0
2282 -0.4670 0.9134 0 0
2283 -0.6183 0.2528 0 0
2284 -0.5037 0.3848 0 0
2285 -0.6353 0.3814 0 0
2286 -0.4630 0.1249 0 0
2287 -0.6013 0.1242 0 0
2288 -0.1865 0.1262 0 0
2289 -0.3485 0.2568 0 0
2290 -0.3248 0.1255 0 0
2291 -0.2406 0.3915 0 0
2292 -0.3722 0.3881 0 0
2293 -0.0787 0.2608 0 0
2294 0.0225 0.3982 0 0
2295 -0.1395 0.5289 0 0
2296 -0.1091 0.3948 0 0
2297 0.0900 0.1274 0 0
2298 -0.0482 0.1268 0 0
2299 0.1912 0.2648 0 0
2300 0.2283 0.1281 0 0
2301 0.1169 0.5383 0 0
2302 0.1540 0.4015 0 0
2303 -0.2003 0.7969 0 0
2304 -0.1126 0.9397 0 0
2305 -0.2611 1.0650 0 0
2306 -0.2307 0.9309 0 0
2307 -0.0450 0.6690 0 0
2308 -0.1699 0.6629 0 0
2309 0.0427 0.8118 0 0
2310 0.0798 0.6750 0 0
2311 -0.0315 1.0852 0 0
2312 0.0056 0.9485 0 0
2313 0.0728 1.2085 0 0
2314 -0.0549 1.3139 0 0
2315 -0.1593 1.1907 0 0
2316 -0.0432 1.1996 0 0
2317 0.0520 1.4346 0 0
2318 -0.0783 1.5426 0 0
2319 -0.1852 1.4219 0 0
2320 -0.0666 1.4283 0 0
2321 -0.3181 1.5325 0 0
2322 -0.4224 1.4093 0 0
2323 -0.2896 1.2987 0 0
2324 -0.3038 1.4156 0 0
2325 -0.3914 1.1730 0 0
2326 -0.2753 1.1818 0 0
2327 0.0312 1.6608 0 0
2328 -0.1016 1.7713 0 0
2329 -0.2111 1.6532 0 0
2330 -0.0900 1.6570 0 0
2331 0.0104 1.8869 0 0
2332 -0.2370 1.8844 0 0
2333 -0.1133 1.8857 0 0
2334 -0.4845 1.8819 0 0
2335 -0.3465 1.7662 0 0
2336 -0.3608 1.8831 0 0
2337 -0.4535 1.6456 0 0
2338 -0.3323 1.6494 0 0
2339 -0.5914 1.7612 0 0
2340 -0.6958 1.6379 0 0
2341 -0.5578 1.5223 0 0
2342 -0.5746 1.6417 0 0
2343 -0.7319 1.8793 0 0
2344 -0.6082 1.8806 0 0
2345 -0.8363 1.7561 0 0
2346 -0.8557 1.8780 0 0
2347 -0.7976 1.5122 0 0
2348 -0.8170 1.6341 0 0
2349 -0.5243 1.2835 0 0
2350 -0.6235 1.1552 0 0
2351 -0.5075 1.1641 0 0
2352 -0.6597 1.3966 0 0
2353 -0.5411 1.4029 0 0
2354 -0.7589 1.2683 0 0
2355 -0.7783 1.3902 0 0
2356 -0.7396 1.1463 0 0
2357 3.2325 -0.7143 0 0
2358 3.3457 -0.7568 0 0
2359 3.4149 -0.6357 0 0
2360 3.3237 -0.6750 0 0
2361 3.0502 -0.7929 0 0
2362 3.1699 -0.8548 0 0
2363 3.1413 -0.7536 0 0
2364 3.1138 -1.0149 0 0
2365 3.2270 -1.0574 0 0
2366 3.2831 -0.8973 0 0
2367 3.1984 -0.9561 0 0
2368 3.3897 -0.9203 0 0
2369 3.4523 -0.7798 0 0
2370 3.3677 -0.8385 0 0
2371 2.8678 -0.8714 0 0
2372 2.9941 -0.9529 0 0
2373 2.9590 -0.8321 0 0
2374 2.8182 -1.0510 0 0
2375 2.7766 -0.9107 0 0
2376 2.9016 -1.3315 0 0
2377 2.9445 -1.1324 0 0
2378 2.8599 -1.1912 0 0
2379 3.0643 -1.1944 0 0
2380 3.0292 -1.0737 0 0
2381 3.0213 -1.3935 0 0
2382 3.1345 -1.4359 0 0
2383 3.1774 -1.2369 0 0
2384 3.0994 -1.3152 0 0
2385 2.9849 -1.6120 0 0
2386 2.9432 -1.4717 0 0
2387 3.0682 -1.8925 0 0
2388 3.0981 -1.6545 0 0
2389 3.0266 -1.7522 0 0
2390 3.2047 -1.6775 0 0
2391 3.2411 -1.4589 0 0
2392 3.1696 -1.5567 0 0
2393 3.3336 -1.0804 0 0
2394 3.4336 -1.0839 0 0
2395 3.4897 -0.9238 0 0
2396 3.4117 -1.0021 0 0
2397 3.2841 -1.2599 0 0
2398 3.2555 -1.1586 0 0
2399 3.3411 -1.4624 0 0
2400 3.3841 -1.2634 0 0
2401 3.3126 -1.3612 0 0
2402 3.4776 -1.2474 0 0
2403 3.5271 -1.0679 0 0
2404 3.4556 -1.1656 0 0
2405 -3.4885 -0.7479 0 0
2406 -3.4068 -0.8566 0 0
2407 -3.2947 -0.8171 0 0
2408 -3.3916 -0.7825 0 0
2409 -3.5116 -0.8773 0 0
2410 -3.4373 -1.0046 0 0
2411 -3.3325 -0.9838 0 0
2412 -3.4221 -0.9306 0 0
2413 -3.2655 -1.1298 0 0
2414 -3.1534 -1.0903 0 0
2415 -3.2203 -0.9444 0 0
2416 -3.2429 -1.0371 0 0
2417 -3.1008 -0.8863 0 0
2418 -3.1977 -0.8517 0 0
2419 -3.5348 -1.0067 0 0
2420 -3.4678 -1.1527 0 0
2421 -3.3704 -1.1505 0 0
2422 -3.4526 -1.0786 0 0
2423 -3.5579 -1.1361 0 0
2424 -3.4983 -1.3007 0 0
2425 -3.4082 -1.3172 0 0
2426 -3.4831 -1.2267 0 0
2427 -3.3559 -1.5005 0 0
2428 -3.2585 -1.4984 0 0
2429 -3.3107 -1.3151 0 0
2430 -3.3333 -1.4078 0 0
2431 -3.2059 -1.2943 0 0
2432 -3.2881 -1.2224 0 0
2433 -3.1537 -1.4776 0 0
2434 -3.0415 -1.4382 0 0
2435 -3.0938 -1.2549 0 0
2436 -3.1237 -1.3663 0 0
2437 -3.2136 -1.7003 0 0
2438 -3.1088 -1.6795 0 0
2439 -3.1836 -1.5890 0 0
2440 -3.0712 -1.9001 0 0
2441 -2.9966 -1.6401 0 0
2442 -3.0339 -1.7701 0 0
2443 -2.9220 -1.3801 0 0
2444 -2.9593 -1.5101 0 0
2445 -3.0339 -1.0322 0 0
2446 -2.9070 -0.9554 0 0
2447 -3.0039 -0.9209 0 0
2448 -2.9743 -1.1968 0 0
2449 -3.0638 -1.1436 0 0
2450 -2.8474 -1.1200 0 0
2451 -2.8847 -1.2500 0 0
2452 -2.8101 -0.9900 0 0
2453 -3.2802 0.7934 0 0
2454 -3.3912 0.8298 0 0
2455 -3.4697 0.7190 0 0
2456 -3.3749 0.7562 0 0
2457 -3.0907 0.8678 0 0
2458 -3.2089 0.9233 0 0
2459 -3.1855 0.8306 0 0
2460 -3.1446 1.0723 0 0
2461 -3.2556 1.1087 0 0
2462 -3.3199 0.9597 0 0
2463 -3.2322 1.0160 0 0
2464 -3.4238 0.9770 0 0
2465 -3.4951 0.8471 0 0
2466 -3.4075 0.9034 0 0
2467 -2.9012 0.9422 0 0
2468 -3.0265 1.0168 0 0
2469 -2.9960 0.9050 0 0
2470 -2.8441 1.1103 0 0
2471 -2.8065 0.9793 0 0
2472 -2.9194 1.3722 0 0
2473 -2.9694 1.1849 0 0
2474 -2.8817 1.2412 0 0
2475 -3.0875 1.2404 0 0
2476 -3.0570 1.1286 0 0
2477 -3.0375 1.4277 0 0
2478 -3.1485 1.4641 0 0
2479 -3.1985 1.2768 0 0
2480 -3.1180 1.3523 0 0
2481 -2.9946 1.6340 0 0
2482 -2.9570 1.5031 0 0
2483 -3.0698 1.8959 0 0
2484 -3.1056 1.6704 0 0
2485 -3.0322 1.7650 0 0
2486 -3.2095 1.6877 0 0
2487 -3.2524 1.4814 0 0
2488 -3.1790 1.5759 0 0
2489 -3.3595 1.1260 0 0
2490 -3.4563 1.1242 0 0
2491 -3.5206 0.9752 0 0
2492 -3.4401 1.0506 0 0
2493 -3.3024 1.2941 0 0
2494 -3.2790 1.2014 0 0
2495 -3.3492 1.4796 0 0
2496 -3.3992 1.2923 0 0
2497 -3.3258 1.3869 0 0
2498 -3.4889 1.2714 0 0
2499 -3.5460 1.1033 0 0
2500 -3.4726 1.1978 0 0
2501 1.8799 1.3582 0 0
2502 1.8034 1.2632 0 0
2503 1.8815 1.1442 0 0
2504 1.8807 1.2512 0 0
2505 1.8782 1.5721 0 0
2506 1.7881 1.4737 0 0
2507 1.8790 1.4651 0 0
2508 1.6827 1.5859 0 0
2509 1.6063 1.4909 0 0
2510 1.7116 1.3788 0 0
2511 1.6972 1.4823 0 0
2512 1.6488 1.2873 0 0
2513 1.7405 1.1717 0 0
2514 1.7261 1.2753 0 0
2515 1.8766 1.7861 0 0
2516 1.7729 1.6842 0 0
2517 1.8774 1.6791 0 0
2518 1.7576 1.8947 0 0
2519 1.8758 1.8930 0 0
2520 1.5213 1.8982 0 0
2521 1.6539 1.7929 0 0
2522 1.6394 1.8965 0 0
2523 1.5638 1.6946 0 0
2524 1.6683 1.6894 0 0
2525 1.4311 1.7998 0 0
2526 1.3546 1.7049 0 0
2527 1.4873 1.5996 0 0
2528 1.4592 1.6997 0 0
2529 1.2849 1.9016 0 0
2530 1.4031 1.8999 0 0
2531 1.0485 1.9051 0 0
2532 1.2084 1.8067 0 0
2533 1.1667 1.9033 0 0
2534 1.1455 1.7152 0 0
2535 1.2918 1.6134 0 0
2536 1.2501 1.7100 0 0
2537 1.5434 1.3994 0 0
2538 1.4942 1.3113 0 0
2539 1.5995 1.1992 0 0
2540 1.5715 1.2993 0 0
2541 1.4244 1.5081 0 0
2542 1.5153 1.4995 0 0
2543 1.2425 1.5253 0 0
2544 1.3752 1.4200 0 0
2545 1.3335 1.5167 0 0
2546 1.3396 1.3354 0 0
2547 1.4586 1.2267 0 0
2548 1.4169 1.3234 0 0
2549 -4.0264 -1.8993 0 0
2550 -4.1712 -1.7926 0 0
2551 -4.2698 -1.8932 0 0
2552 -4.1481 -1.8963 0 0
2553 -4.0793 -1.6980 0 0
2554 -4.2175 -1.5852 0 0
2555 -4.3095 -1.6797 0 0
2556 -4.1944 -1.6889 0 0
2557 -4.4411 -1.5608 0 0
2558 -4.5396 -1.6615 0 0
2559 -4.4080 -1.7804 0 0
2560 -4.4245 -1.6706 0 0
2561 -4.5132 -1.8872 0 0
2562 -4.3915 -1.8902 0 0
2563 -4.1321 -1.4967 0 0
2564 -4.2637 -1.3777 0 0
2565 -4.3491 -1.4662 0 0
2566 -4.2406 -1.4814 0 0
2567 -4.1850 -1.2953 0 0
2568 -4.3887 -1.2527 0 0
2569 -4.2868 -1.2740 0 0
2570 -4.5925 -1.2102 0 0
2571 -4.4741 -1.3412 0 0
2572 -4.4906 -1.2314 0 0
2573 -4.5661 -1.4358 0 0
2574 -4.4576 -1.4510 0 0
2575 -4.6845 -1.3047 0 0
2576 -4.7830 -1.4054 0 0
2577 -4.6646 -1.5365 0 0
2578 -4.6745 -1.4206 0 0
2579 -4.7962 -1.1676 0 0
2580 -4.6944 -1.1889 0 0
2581 -4.8948 -1.2682 0 0
2582 -4.8981 -1.1463 0 0
2583 -4.8882 -1.5122 0 0
2584 -4.8915 -1.3902 0 0
2585 -4.6448 -1.7682 0 0
2586 -4.7566 -1.8811 0 0
2587 -4.6349 -1.8841 0 0
2588 -4.7698 -1.6432 0 0
2589 -4.6547 -1.6524 0 0
2590 -4.8816 -1.7561 0 0
2591 -4.8849 -1.6341 0 0
2592 -4.8783 -1.8780 0 0
2593 4.0277 1.8981 0 0
2594 4.1735 1.7905 0 0
2595 4.2708 1.8923 0 0
2596 4.1492 1.8952 0 0
2597 4.0831 1.6944 0 0
2598 4.2219 1.5809 0 0
2599 4.3123 1.6770 0 0
2600 4.1977 1.6857 0 0
2601 4.4442 1.5578 0 0
2602 4.5415 1.6597 0 0
2603 4.4096 1.7789 0 0
2604 4.4269 1.6683 0 0
2605 4.5138 1.8866 0 0
2606 4.3923 1.8894 0 0
2607 4.1384 1.4906 0 0
2608 4.2704 1.3714 0 0
2609 4.3538 1.4617 0 0
2610 4.2461 1.4761 0 0
2611 4.1938 1.2868 0 0
2612 4.3954 1.2464 0 0
2613 4.2946 1.2666 0 0
2614 4.5969 1.2059 0 0
2615 4.4788 1.3367 0 0
2616 4.4961 1.2261 0 0
2617 4.5692 1.4328 0 0
2618 4.4615 1.4472 0 0
2619 4.6873 1.3020 0 0
2620 4.7846 1.4039 0 0
2621 4.6665 1.5347 0 0
2622 4.6769 1.4183 0 0
2623 4.7985 1.1655 0 0
2624 4.6977 1.1857 0 0
2625 4.8958 1.2673 0 0
2626 4.8992 1.1452 0 0
2627 4.8888 1.5116 0 0
2628 4.8923 1.3894 0 0
2629 4.6458 1.7673 0 0
2630 4.7569 1.8808 0 0
2631 4.6354 1.8837 0 0
2632 4.7708 1.6423 0 0
2633 4.6561 1.6510 0 0
2634 4.8819 1.7558 0 0
2635 4.8854 1.6337 0 0
2636 4.8785 1.8779 0 0
2637 4.7851 -1.1479 0 0
2638 4.8900 -1.2598 0 0
2639 4.8925 -1.1364 0 0
2640 4.5701 -1.1708 0 0
2641 4.6701 -1.2794 0 0
2642 4.6776 -1.1593 0 0
2643 4.5501 -1.4077 0 0
2644 4.6550 -1.5196 0 0
2645 4.7750 -1.3913 0 0
2646 4.6626 -1.3995 0 0
2647 4.8850 -1.5065 0 0
2648 4.8875 -1.3832 0 0
2649 4.3552 -1.1937 0 0
2650 4.4501 -1.2990 0 0
2651 4.4626 -1.1822 0 0
2652 4.1402 -1.2166 0 0
2653 4.2302 -1.3187 0 0
2654 4.2477 -1.2051 0 0
2655 4.1002 -1.4404 0 0
2656 4.1951 -1.5458 0 0
2657 4.3251 -1.4240 0 0
2658 4.2126 -1.4322 0 0
2659 4.4251 -1.5327 0 0
2660 4.4376 -1.4159 0 0
2661 4.2951 -1.6544 0 0
2662 4.4000 -1.7663 0 0
2663 4.5300 -1.6446 0 0
2664 4.4126 -1.6495 0 0
2665 4.0601 -1.6642 0 0
2666 4.1601 -1.7729 0 0
2667 4.1776 -1.6593 0 0
2668 4.0200 -1.8881 0 0
2669 4.2650 -1.8848 0 0
2670 4.1425 -1.8864 0 0
2671 4.5100 -1.8815 0 0
2672 4.3875 -1.8832 0 0
2673 4.7650 -1.6348 0 0
2674 4.8800 -1.7533 0 0
2675 4.8825 -1.6299 0 0
2676 4.6400 -1.7598 0 0
2677 4.6475 -1.6397 0 0
2678 4.7550 -1.8783 0 0
2679 4.6325 -1.8799 0 0
2680 4.8775 -1.8766 0 0
2681 -4.7856 1.1499 0 0
2682 -4.8902 1.2607 0 0
2683 -4.8928 1.1374 0 0
2684 -4.5712 1.1747 0 0
2685 -4.6707 1.2820 0 0
2686 -4.6784 1.1623 0 0
2687 -4.5508 1.4105 0 0
2688 -4.6555 1.5213 0 0
2689 -4.7754 1.3928 0 0
2690 -4.6631 1.4017 0 0
2691 -4.8852 1.5071 0 0
2692 -4.8877 1.3839 0 0
2693 -4.3567 1.1996 0 0
2694 -4.4512 1.3033 0 0
2695 -4.4639 1.1872 0 0
2696 -4.1423 1.2245 0 0
2697 -4.2317 1.3246 0 0
2698 -4.2495 1.2121 0 0
2699 -4.1016 1.4461 0 0
2700 -4.1962 1.5497 0 0
2701 -4.3262 1.4283 0 0
2702 -4.2139 1.4372 0 0
2703 -4.4258 1.5355 0 0
2704 -4.4385 1.4194 0 0
2705 -4.2957 1.6570 0 0
2706 -4.4004 1.7678 0 0
2707 -4.5305 1.6463 0 0
2708 -4.4131 1.6517 0 0
2709 -4.0610 1.6676 0 0
2710 -4.1606 1.7749 0 0
2711 -4.1784 1.6623 0 0
2712 -4.0203 1.8892 0 0
2713 -4.2652 1.8857 0 0
2714 -4.1428 1.8874 0 0
2715 -4.5102 1.8821 0 0
2716 -4.3877 1.8839 0 0
2717 -4.7652 1.6357 0 0
2718 -4.8801 1.7536 0 0
2719 -4.8826 1.6303 0 0
2720 -4.6402 1.7607 0 0
2721 -4.6479 1.6410 0 0
2722 -4.7551 1.8786 0 0
2723 -4.6326 1.8803 0 0
2724 -4.8775 1.8768 0 0
2725 2.5205 0.8848 0 0
2726 2.6019 0.7543 0 0
2727 2.6186 0.8614 0 0
2728 2.3243 0.9317 0 0
2729 2.4047 0.8018 0 0
2730 2.4224 0.9083 0 0
2731 2.2880 0.7194 0 0
2732 2.3694 0.5889 0 0
2733 2.4861 0.6713 0 0
2734 2.3871 0.6953 0 0
2735 2.5685 0.5401 0 0
2736 2.5852 0.6472 0 0
2737 2.1281 0.9786 0 0
2738 2.2075 0.8493 0 0
2739 2.2262 0.9552 0 0
2740 1.9319 1.0255 0 0
2741 2.0103 0.8969 0 0
2742 2.0300 1.0021 0 0
2743 1.8917 0.8157 0 0
2744 1.9711 0.6864 0 0
2745 2.0898 0.7675 0 0
2746 1.9907 0.7916 0 0
2747 2.1702 0.6376 0 0
2748 2.1889 0.7435 0 0
2749 2.0516 0.5564 0 0
2750 2.1330 0.4259 0 0
2751 2.2517 0.5071 0 0
2752 2.1516 0.5318 0 0
2753 1.8514 0.6058 0 0
2754 1.9319 0.4759 0 0
2755 1.9515 0.5811 0 0
2756 1.8112 0.3960 0 0
2757 2.0133 0.3454 0 0
2758 1.9123 0.3707 0 0
2759 2.2153 0.2947 0 0
2760 2.1143 0.3200 0 0
2761 2.4518 0.4577 0 0
2762 2.5351 0.3259 0 0
2763 2.5518 0.4330 0 0
2764 2.3340 0.3759 0 0
2765 2.3517 0.4824 0 0
2766 2.4174 0.2441 0 0
2767 2.3164 0.2694 0 0
2768 2.5184 0.2188 0 0
2769 1.7475 0.5444 0 0
2770 1.6390 0.4929 0 0
2771 1.7251 0.4444 0 0
2772 1.7921 0.7443 0 0
2773 1.6881 0.6829 0 0
2774 1.7698 0.6444 0 0
2775 1.6333 0.8115 0 0
2776 1.5248 0.7600 0 0
2777 1.5797 0.6314 0 0
2778 1.6065 0.7215 0 0
2779 1.4667 0.5898 0 0
2780 1.5529 0.5414 0 0
2781 1.8368 0.9443 0 0
2782 1.7373 0.8729 0 0
2783 1.8145 0.8443 0 0
2784 1.7864 1.0630 0 0
2785 1.8591 1.0443 0 0
2786 1.6410 1.1004 0 0
2787 1.6869 0.9916 0 0
2788 1.7137 1.0817 0 0
2789 1.5829 0.9302 0 0
2790 1.6601 0.9016 0 0
2791 1.5370 1.0390 0 0
2792 1.4285 0.9875 0 0
2793 1.4744 0.8787 0 0
2794 1.5057 0.9588 0 0
2795 1.4955 1.1378 0 0
2796 1.5683 1.1191 0 0
2797 1.3501 1.1752 0 0
2798 1.3871 1.0863 0 0
2799 1.4228 1.1565 0 0
2800 1.2741 1.0447 0 0
2801 1.3156 0.9459 0 0
2802 1.3513 1.0161 0 0
2803 1.4119 0.7184 0 0
2804 1.2945 0.6868 0 0
2805 1.3806 0.6383 0 0
2806 1.3615 0.8371 0 0
2807 1.4432 0.7986 0 0
2808 1.1982 0.9142 0 0
2809 1.2441 0.8055 0 0
2810 1.2799 0.8757 0 0
2811 1.1223 0.7837 0 0
2812 1.2084 0.7353 0 0
2813 0.2346 1.2327 0 0
2814 0.1496 1.3319 0 0
2815 0.1537 1.2206 0 0
2816 0.3964 1.2569 0 0
2817 0.3240 1.3527 0 0
2818 0.3155 1.2448 0 0
2819 0.4260 1.4692 0 0
2820 0.3410 1.5685 0 0
2821 0.2390 1.4519 0 0
2822 0.3325 1.4606 0 0
2823 0.1414 1.5546 0 0
2824 0.1455 1.4433 0 0
2825 0.5582 1.2812 0 0
2826 0.4984 1.3735 0 0
2827 0.4773 1.2690 0 0
2828 0.7200 1.3054 0 0
2829 0.6728 1.3942 0 0
2830 0.6391 1.2933 0 0
2831 0.8000 1.5039 0 0
2832 0.7402 1.5962 0 0
2833 0.6130 1.4865 0 0
2834 0.7065 1.4952 0 0
2835 0.5406 1.5823 0 0
2836 0.5195 1.4779 0 0
2837 0.6678 1.6919 0 0
2838 0.5828 1.7912 0 0
2839 0.4556 1.6815 0 0
2840 0.5617 1.6867 0 0
2841 0.8800 1.7023 0 0
2842 0.8076 1.7981 0 0
2843 0.7739 1.6971 0 0
2844 0.9600 1.9008 0 0
2845 0.7226 1.8973 0 0
2846 0.8413 1.8990 0 0
2847 0.4852 1.8938 0 0
2848 0.6039 1.8956 0 0
2849 0.2434 1.6712 0 0
2850 0.1332 1.7773 0 0
2851 0.1373 1.6660 0 0
2852 0.3580 1.7842 0 0
2853 0.3495 1.6763 0 0
2854 0.2478 1.8904 0 0
2855 0.3665 1.8921 0 0
2856 0.1291 1.8887 0 0
2857 3.5104 0.4554 0 0
2858 3.6241 0.4506 0 0
2859 3.6115 0.6136 0 0
2860 3.5609 0.5345 0 0
2861 3.4093 0.2972 0 0
2862 3.5126 0.2941 0 0
2863 3.4598 0.3763 0 0
2864 3.5046 0.1346 0 0
2865 3.6183 0.1298 0 0
2866 3.6263 0.2893 0 0
2867 3.5654 0.2120 0 0
2868 3.7503 0.2828 0 0
2869 3.7481 0.4440 0 0
2870 3.6872 0.3667 0 0
2871 3.3082 0.1390 0 0
2872 3.4012 0.1377 0 0
2873 3.3587 0.2181 0 0
2874 3.2898 -0.0188 0 0
2875 3.2576 0.0599 0 0
2876 3.3542 -0.1761 0 0
2877 3.3828 -0.0201 0 0
2878 3.3220 -0.0975 0 0
2879 3.4862 -0.0231 0 0
2880 3.4437 0.0573 0 0
2881 3.4575 -0.1792 0 0
2882 3.5712 -0.1840 0 0
2883 3.5999 -0.0280 0 0
2884 3.5287 -0.1036 0 0
2885 3.4185 -0.3334 0 0
2886 3.3863 -0.2548 0 0
2887 3.4829 -0.4907 0 0
2888 3.5322 -0.3382 0 0
2889 3.4507 -0.4121 0 0
2890 3.6562 -0.3448 0 0
2891 3.6952 -0.1905 0 0
2892 3.6137 -0.2644 0 0
2893 3.7423 0.1233 0 0
2894 3.8766 0.1150 0 0
2895 3.8846 0.2745 0 0
2896 3.8134 0.1989 0 0
2897 3.7239 -0.0345 0 0
2898 3.6711 0.0477 0 0
2899 3.8295 -0.1988 0 0
2900 3.8582 -0.0428 0 0
2901 3.7767 -0.1167 0 0
2902 4.0028 -0.0529 0 0
2903 4.0212 0.1049 0 0
2904 3.9397 0.0310 0 0
2905 -3.4641 -0.4302 0 0
2906 -3.5783 -0.4300 0 0
2907 -3.5520 -0.5986 0 0
2908 -3.5081 -0.5144 0 0
2909 -3.3761 -0.2617 0 0
2910 -3.4808 -0.2620 0 0
2911 -3.4201 -0.3459 0 0
2912 -3.4879 -0.0943 0 0
2913 -3.6022 -0.0941 0 0
2914 -3.5951 -0.2619 0 0
2915 -3.5415 -0.1781 0 0
2916 -3.7189 -0.2613 0 0
2917 -3.7022 -0.4294 0 0
2918 -3.6486 -0.3456 0 0
2919 -3.2882 -0.0932 0 0
2920 -3.3833 -0.0940 0 0
2921 -3.3322 -0.1775 0 0
2922 -3.2857 0.0740 0 0
2923 -3.2442 -0.0090 0 0
2924 -3.3687 0.2401 0 0
2925 -3.3808 0.0733 0 0
2926 -3.3272 0.1571 0 0
2927 -3.4854 0.0730 0 0
2928 -3.4343 -0.0105 0 0
2929 -3.4733 0.2398 0 0
2930 -3.5876 0.2400 0 0
2931 -3.5997 0.0731 0 0
2932 -3.5365 0.1565 0 0
2933 -3.4516 0.4062 0 0
2934 -3.4101 0.3232 0 0
2935 -3.5345 0.5723 0 0
2936 -3.5659 0.4064 0 0
2937 -3.4931 0.4893 0 0
2938 -3.6897 0.4070 0 0
2939 -3.7114 0.2406 0 0
2940 -3.6387 0.3235 0 0
2941 -3.7260 -0.0935 0 0
2942 -3.8595 -0.0925 0 0
2943 -3.8524 -0.2602 0 0
2944 -3.7892 -0.1769 0 0
2945 -3.7235 0.0737 0 0
2946 -3.6629 -0.0102 0 0
2947 -3.8449 0.2416 0 0
2948 -3.8570 0.0748 0 0
2949 -3.7842 0.1577 0 0
2950 -4.0001 0.0763 0 0
2951 -4.0026 -0.0910 0 0
2952 -3.9298 -0.0081 0 0
2953 3.0150 1.6586 0 0
2954 3.1235 1.6971 0 0
2955 3.0752 1.9067 0 0
2956 3.0451 1.7826 0 0
2957 2.9547 1.4105 0 0
2958 3.0698 1.4647 0 0
2959 2.9848 1.5346 0 0
2960 3.1312 1.2863 0 0
2961 3.2398 1.3248 0 0
2962 3.1784 1.5032 0 0
2963 3.1548 1.3947 0 0
2964 3.2804 1.5260 0 0
2965 3.2256 1.7200 0 0
2966 3.2020 1.6116 0 0
2967 2.8945 1.1625 0 0
2968 3.0161 1.2322 0 0
2969 2.9246 1.2865 0 0
2970 2.9624 0.9998 0 0
2971 2.8643 1.0385 0 0
2972 3.1584 0.9224 0 0
2973 3.0840 1.0695 0 0
2974 3.0604 0.9611 0 0
2975 3.1991 1.1236 0 0
2976 3.1076 1.1779 0 0
2977 3.2735 0.9765 0 0
2978 3.3821 1.0150 0 0
2979 3.3077 1.1621 0 0
2980 3.2906 1.0693 0 0
2981 3.3544 0.8451 0 0
2982 3.2564 0.8838 0 0
2983 3.5505 0.7677 0 0
2984 3.4630 0.8836 0 0
2985 3.4525 0.8064 0 0
2986 3.5651 0.9065 0 0
2987 3.4841 1.0379 0 0
2988 3.4736 0.9607 0 0
2989 3.3418 1.3477 0 0
2990 3.4374 1.3550 0 0
2991 3.3760 1.5333 0 0
2992 3.3589 1.4405 0 0
2993 3.4097 1.1850 0 0
2994 3.3247 1.2549 0 0
2995 3.5797 1.0452 0 0
2996 3.5053 1.1923 0 0
2997 3.4947 1.1151 0 0
2998 3.5943 1.1839 0 0
2999 3.5264 1.3466 0 0
3000 3.5158 1.2694 0 0
3001 3.3062 -1.8914 0 0
3002 3.2494 -1.7839 0 0
3003 3.1872 -1.8919 0 0
3004 3.5441 -1.8903 0 0
3005 3.4753 -1.7817 0 0
3006 3.4252 -1.8908 0 0
3007 3.6324 -1.6708 0 0
3008 3.5756 -1.5633 0 0
3009 3.4185 -1.6741 0 0
3010 3.5255 -1.6725 0 0
3011 3.3738 -1.5677 0 0
3012 3.3116 -1.6758 0 0
3013 3.7821 -1.8892 0 0
3014 3.7012 -1.7795 0 0
3015 3.6631 -1.8897 0 0
3016 3.9271 -1.7773 0 0
3017 3.9011 -1.8886 0 0
3018 3.9792 -1.5545 0 0
3019 3.8462 -1.6675 0 0
3020 3.9532 -1.6659 0 0
3021 3.7774 -1.5589 0 0
3022 3.7393 -1.6692 0 0
3023 3.9104 -1.4459 0 0
3024 3.8536 -1.3384 0 0
3025 3.7206 -1.4514 0 0
3026 3.8155 -1.4487 0 0
3027 4.0313 -1.3318 0 0
3028 4.0053 -1.4431 0 0
3029 4.0835 -1.1090 0 0
3030 3.9746 -1.2243 0 0
3031 4.0574 -1.2204 0 0
3032 3.9298 -1.1178 0 0
3033 3.8089 -1.2320 0 0
3034 3.8917 -1.2281 0 0
3035 3.5309 -1.4569 0 0
3036 3.4982 -1.3516 0 0
3037 3.4360 -1.4597 0 0
3038 3.6759 -1.3450 0 0
3039 3.6258 -1.4542 0 0
3040 3.7762 -1.1267 0 0
3041 3.6432 -1.2397 0 0
3042 3.7261 -1.2358 0 0
3043 3.6226 -1.1355 0 0
3044 3.5604 -1.2435 0 0
3045 -3.3075 1.8942 0 0
3046 -3.2523 1.7902 0 0
3047 -3.1887 1.8951 0 0
3048 -3.5451 1.8926 0 0
3049 -3.4776 1.7868 0 0
3050 -3.4263 1.8934 0 0
3051 -3.6353 1.6777 0 0
3052 -3.5801 1.5736 0 0
3053 -3.4224 1.6827 0 0
3054 -3.5288 1.6802 0 0
3055 -3.3796 1.5803 0 0
3056 -3.3160 1.6852 0 0
3057 -3.7827 1.8909 0 0
3058 -3.7028 1.7835 0 0
3059 -3.6639 1.8917 0 0
3060 -3.9280 1.7801 0 0
3061 -3.9015 1.8901 0 0
3062 -3.9811 1.5602 0 0
3063 -3.8481 1.6727 0 0
3064 -3.9546 1.6702 0 0
3065 -3.7806 1.5669 0 0
3066 -3.7417 1.6752 0 0
3067 -3.9135 1.4544 0 0
3068 -3.8584 1.3504 0 0
3069 -3.7254 1.4628 0 0
3070 -3.8195 1.4586 0 0
3071 -4.0341 1.3403 0 0
3072 -4.0076 1.4503 0 0
3073 -4.0872 1.1204 0 0
3074 -3.9790 1.2362 0 0
3075 -4.0606 1.2304 0 0
3076 -3.9362 1.1338 0 0
3077 -3.8156 1.2479 0 0
3078 -3.8973 1.2421 0 0
3079 -3.5373 1.4712 0 0
3080 -3.5069 1.3705 0 0
3081 -3.4433 1.4754 0 0
3082 -3.6827 1.3604 0 0
3083 -3.6314 1.4670 0 0
3084 -3.7852 1.1472 0 0
3085 -3.6523 1.2597 0 0
3086 -3.7339 1.2538 0 0
3087 -3.6342 1.1606 0 0
3088 -3.5706 1.2655 0 0
3089 3.9275 -0.2493 0 0
3090 4.0230 -0.3169 0 0
3091 4.0129 -0.1849 0 0
3092 3.7566 -0.3781 0 0
3093 3.8546 -0.4286 0 0
3094 3.8421 -0.3137 0 0
3095 3.7842 -0.5907 0 0
3096 3.8797 -0.6583 0 0
3097 3.9501 -0.4962 0 0
3098 3.8671 -0.5435 0 0
3099 4.0431 -0.5809 0 0
3100 4.0331 -0.4489 0 0
3101 3.5858 -0.5069 0 0
3102 3.6862 -0.5402 0 0
3103 3.6712 -0.4425 0 0
3104 3.5178 -0.6519 0 0
3105 3.5004 -0.5713 0 0
3106 3.5528 -0.8131 0 0
3107 3.6183 -0.6852 0 0
3108 3.5353 -0.7325 0 0
3109 3.7162 -0.7357 0 0
3110 3.7012 -0.6380 0 0
3111 3.6507 -0.8636 0 0
3112 3.7462 -0.9312 0 0
3113 3.8117 -0.8033 0 0
3114 3.7312 -0.8335 0 0
3115 3.5877 -0.9743 0 0
3116 3.5702 -0.8937 0 0
3117 3.6832 -1.0419 0 0
3118 3.6052 -1.0549 0 0
3119 3.8393 -1.0159 0 0
3120 3.7612 -1.0289 0 0
3121 3.9727 -0.7431 0 0
3122 4.0633 -0.8450 0 0
3123 4.0532 -0.7130 0 0
3124 3.9048 -0.8881 0 0
3125 3.8922 -0.7732 0 0
3126 3.9953 -0.9900 0 0
3127 3.9173 -1.0030 0 0
3128 4.0734 -0.9770 0 0
3129 -3.9337 0.2800 0 0
3130 -4.0219 0.3373 0 0
3131 -4.0110 0.2068 0 0
3132 -3.7790 0.4263 0 0
3133 -3.8677 0.4647 0 0
3134 -3.8563 0.3531 0 0
3135 -3.8023 0.6304 0 0
3136 -3.8905 0.6877 0 0
3137 -3.9559 0.5220 0 0
3138 -3.8791 0.5762 0 0
3139 -4.0436 0.5983 0 0
3140 -4.0327 0.4678 0 0
3141 -3.6243 0.5727 0 0
3142 -3.7136 0.5920 0 0
3143 -3.7017 0.4995 0 0
3144 -3.5595 0.7194 0 0
3145 -3.5470 0.6458 0 0
3146 -3.5844 0.8664 0 0
3147 -3.6487 0.7387 0 0
3148 -3.5719 0.7929 0 0
3149 -3.7375 0.7771 0 0
3150 -3.7255 0.6845 0 0
3151 -3.6731 0.9048 0 0
3152 -3.7613 0.9621 0 0
3153 -3.8257 0.8344 0 0
3154 -3.7494 0.8696 0 0
3155 -3.6093 1.0135 0 0
3156 -3.5969 0.9400 0 0
3157 -3.6975 1.0709 0 0
3158 -3.6218 1.0871 0 0
3159 -3.8490 1.0385 0 0
3160 -3.7733 1.0547 0 0
3161 -3.9782 0.7640 0 0
3162 -4.0654 0.8594 0 0
3163 -4.0545 0.7289 0 0
3164 -3.9134 0.9108 0 0
3165 -3.9020 0.7992 0 0
3166 -4.0005 1.0061 0 0
3167 -3.9248 1.0223 0 0
3168 -4.0763 0.9899 0 0
3169 -3.2562 -1.8000 0 0
3170 -3.3100 -1.8999 0 0
3171 -3.1906 -1.9000 0 0
3172 -3.3874 -1.6000 0 0
3173 -3.4300 -1.6997 0 0
3174 -3.3218 -1.7000 0 0
3175 -3.5926 -1.5992 0 0
3176 -3.6464 -1.6991 0 0
3177 -3.4838 -1.7996 0 0
3178 -3.5382 -1.6994 0 0
3179 -3.5488 -1.8997 0 0
3180 -3.4294 -1.8998 0 0
3181 -3.5186 -1.4000 0 0
3182 -3.5500 -1.4995 0 0
3183 -3.4530 -1.5000 0 0
3184 -3.6497 -1.2000 0 0
3185 -3.6700 -1.2994 0 0
3186 -3.5841 -1.3000 0 0
3187 -3.8102 -1.1985 0 0
3188 -3.8416 -1.2980 0 0
3189 -3.7014 -1.3989 0 0
3190 -3.7558 -1.2987 0 0
3191 -3.7440 -1.4986 0 0
3192 -3.6470 -1.4991 0 0
3193 -3.8843 -1.3977 0 0
3194 -3.9381 -1.4976 0 0
3195 -3.7978 -1.5985 0 0
3196 -3.8410 -1.4981 0 0
3197 -3.9707 -1.1970 0 0
3198 -4.0133 -1.2967 0 0
3199 -3.9275 -1.2973 0 0
3200 -4.1311 -1.1954 0 0
3201 -4.0671 -1.3966 0 0
3202 -4.0991 -1.2960 0 0
3203 -4.0031 -1.5977 0 0
3204 -4.0351 -1.4971 0 0
3205 -3.7114 -1.7992 0 0
3206 -3.7876 -1.8995 0 0
3207 -3.6682 -1.8996 0 0
3208 -3.8628 -1.6986 0 0
3209 -3.7546 -1.6989 0 0
3210 -3.9390 -1.7989 0 0
3211 -3.9711 -1.6983 0 0
3212 -3.9070 -1.8994 0 0
3213 -4.0347 -0.3671 0 0
3214 -3.9429 -0.3032 0 0
3215 -4.0187 -0.2291 0 0
3216 -4.0669 -0.6432 0 0
3217 -3.9738 -0.5583 0 0
3218 -4.0508 -0.5052 0 0
3219 -3.9115 -0.7286 0 0
3220 -3.8197 -0.6647 0 0
3221 -3.8820 -0.4944 0 0
3222 -3.8968 -0.6115 0 0
3223 -3.7915 -0.4514 0 0
3224 -3.8672 -0.3773 0 0
3225 -4.0990 -0.9193 0 0
3226 -4.0046 -0.8135 0 0
3227 -4.0829 -0.7813 0 0
3228 -4.0355 -1.0686 0 0
3229 -4.1151 -1.0574 0 0
3230 -3.8763 -1.0911 0 0
3231 -3.9411 -0.9628 0 0
3232 -3.9559 -1.0799 0 0
3233 -3.8480 -0.8779 0 0
3234 -3.9263 -0.8457 0 0
3235 -3.7832 -1.0062 0 0
3236 -3.6914 -0.9423 0 0
3237 -3.7562 -0.8140 0 0
3238 -3.7697 -0.9101 0 0
3239 -3.7171 -1.1136 0 0
3240 -3.7967 -1.1024 0 0
3241 -3.6253 -1.0497 0 0
3242 -3.6375 -1.1249 0 0
3243 -3.6009 -0.8993 0 0
3244 -3.6131 -0.9745 0 0
3245 -3.7292 -0.6217 0 0
3246 -3.6400 -0.5997 0 0
3247 -3.7157 -0.5256 0 0
3248 -3.6657 -0.7710 0 0
3249 -3.7427 -0.7178 0 0
3250 -3.5765 -0.7490 0 0
3251 -3.5887 -0.8242 0 0
3252 -3.5642 -0.6738 0 0
3253 4.0519 0.3770 0 0
3254 3.9671 0.3162 0 0
3255 4.0365 0.2410 0 0
3256 4.0826 0.6492 0 0
3257 3.9955 0.5693 0 0
3258 4.0672 0.5131 0 0
3259 3.9368 0.7425 0 0
3260 3.8520 0.6817 0 0
3261 3.9107 0.5085 0 0
3262 3.9238 0.6255 0 0
3263 3.8282 0.4667 0 0
3264 3.8977 0.3915 0 0
3265 4.1133 0.9213 0 0
3266 4.0239 0.8224 0 0
3267 4.0979 0.7853 0 0
3268 4.1440 1.1935 0 0
3269 4.0523 1.0755 0 0
3270 4.1286 1.0574 0 0
3271 3.9890 1.2106 0 0
3272 3.8996 1.1116 0 0
3273 3.9629 0.9765 0 0
3274 3.9760 1.0936 0 0
3275 3.8758 0.8967 0 0
3276 3.9499 0.8595 0 0
3277 3.8125 1.0317 0 0
3278 3.7278 0.9709 0 0
3279 3.7910 0.8358 0 0
3280 3.8018 0.9338 0 0
3281 3.8340 1.2276 0 0
3282 3.7470 1.1478 0 0
3283 3.8233 1.1297 0 0
3284 3.6791 1.2447 0 0
3285 3.6622 1.0869 0 0
3286 3.6706 1.1658 0 0
3287 3.6453 0.9292 0 0
3288 3.6537 1.0080 0 0
3289 3.7695 0.6399 0 0
3290 3.6894 0.6172 0 0
3291 3.7588 0.5420 0 0
3292 3.7086 0.7941 0 0
3293 3.7803 0.7379 0 0
3294 3.6284 0.7714 0 0
3295 3.6368 0.8503 0 0
3296 3.6199 0.6925 0 0
3297 1.1102 0.9184 0 0
3298 1.0217 0.9141 0 0
3299 1.0720 0.8489 0 0
3300 1.1867 1.0574 0 0
3301 1.0986 1.0616 0 0
3302 1.1484 0.9879 0 0
3303 1.0876 1.2133 0 0
3304 0.9991 1.2090 0 0
3305 1.0101 1.0573 0 0
3306 1.0489 1.1353 0 0
3307 0.9211 1.0446 0 0
3308 0.9714 0.9794 0 0
3309 1.2631 1.1964 0 0
3310 1.1756 1.2091 0 0
3311 1.2249 1.1269 0 0
3312 1.2526 1.3566 0 0
3313 1.3013 1.2659 0 0
3314 1.1550 1.5380 0 0
3315 1.1651 1.3693 0 0
3316 1.2038 1.4473 0 0
3317 1.0771 1.3735 0 0
3318 1.1263 1.2913 0 0
3319 1.0670 1.5422 0 0
3320 0.9785 1.5379 0 0
3321 0.9886 1.3692 0 0
3322 1.0278 1.4557 0 0
3323 1.0575 1.7194 0 0
3324 1.1063 1.6287 0 0
3325 0.9690 1.7151 0 0
3326 1.0088 1.8101 0 0
3327 0.8895 1.5251 0 0
3328 0.9293 1.6201 0 0
3329 0.9101 1.1963 0 0
3330 0.8205 1.1750 0 0
3331 0.8708 1.1098 0 0
3332 0.8995 1.3564 0 0
3333 0.9493 1.2827 0 0
3334 0.8100 1.3352 0 0
3335 0.8498 1.4301 0 0
3336 0.7703 1.2402 0 0
3337 3.2635 1.8112 0 0
3338 3.3133 1.9045 0 0
3339 3.1943 1.9056 0 0
3340 3.4020 1.6224 0 0
3341 3.4400 1.7136 0 0
3342 3.3328 1.7168 0 0
3343 3.6045 1.6138 0 0
3344 3.6543 1.7072 0 0
3345 3.4898 1.8069 0 0
3346 3.5471 1.7104 0 0
3347 3.5514 1.9024 0 0
3348 3.4324 1.9035 0 0
3349 3.5405 1.4335 0 0
3350 3.5666 1.5226 0 0
3351 3.4713 1.5279 0 0
3352 3.6932 1.3317 0 0
3353 3.6098 1.3391 0 0
3354 3.8601 1.3167 0 0
3355 3.7193 1.4207 0 0
3356 3.7767 1.3242 0 0
3357 3.7572 1.5119 0 0
3358 3.6619 1.5173 0 0
3359 3.8980 1.4079 0 0
3360 3.9478 1.5013 0 0
3361 3.8070 1.6053 0 0
3362 3.8525 1.5066 0 0
3363 4.0269 1.3018 0 0
3364 3.9435 1.3092 0 0
3365 4.0767 1.3951 0 0
3366 4.1104 1.2943 0 0
3367 4.0095 1.5967 0 0
3368 4.0431 1.4959 0 0
3369 3.7160 1.8026 0 0
3370 3.7896 1.9003 0 0
3371 3.6705 1.9013 0 0
3372 3.8687 1.7008 0 0
3373 3.7615 1.7040 0 0
3374 3.9422 1.7984 0 0
3375 3.9759 1.6976 0 0
3376 3.9086 1.8992 0 0
